Name,Symbol,Date,Open,High,Low,Close,Adj Close,Volume
INOFI USD,FON21711-USD,2022-09-06,0.6533179879188538,0.6895319819450378,0.6506080031394958,0.675832986831665,0.675832986831665,341935
INOFI USD,FON21711-USD,2022-09-07,0.675806999206543,0.6801609992980957,0.6507400274276733,0.6596720218658447,0.6596720218658447,313723
INOFI USD,FON21711-USD,2022-09-08,0.6596639752388,0.6718029975891113,0.6530449986457825,0.6646680235862732,0.6646680235862732,262616
INOFI USD,FON21711-USD,2022-09-09,0.6646639704704285,0.6652519702911377,0.6510540246963501,0.661454975605011,0.661454975605011,627021
INOFI USD,FON21711-USD,2022-09-10,0.661454975605011,0.6649289727210999,0.6516180038452148,0.6567850112915039,0.6567850112915039,91796
INOFI USD,FON21711-USD,2022-09-11,0.6567829847335815,0.6650019884109497,0.6517760157585144,0.661283016204834,0.661283016204834,690023
INOFI USD,FON21711-USD,2022-09-12,0.6612859964370728,0.6639530062675476,0.6519190073013306,0.6593340039253235,0.6593340039253235,543504
INOFI USD,FON21711-USD,2022-09-13,0.659305989742279,0.6651679873466492,0.6369500160217285,0.6552159786224365,0.6552159786224365,523375
INOFI USD,FON21711-USD,2022-09-14,0.6506249904632568,0.6573269963264465,0.6383150219917297,0.642890989780426,0.642890989780426,878533
INOFI USD,FON21711-USD,2022-09-15,0.6428890228271484,0.6515359878540039,0.6384909749031067,0.6411020159721375,0.6411020159721375,933478
INOFI USD,FON21711-USD,2022-09-16,0.6411010026931763,0.6425909996032715,0.6384770274162292,0.6386880278587341,0.6386880278587341,304820
INOFI USD,FON21711-USD,2022-09-17,0.6386880278587341,0.6391649842262268,0.6384720206260681,0.6386619806289673,0.6386619806289673,701424
INOFI USD,FON21711-USD,2022-09-18,0.6386619806289673,0.6552670001983643,0.6386150121688843,0.6430150270462036,0.6430150270462036,578088
INOFI USD,FON21711-USD,2022-09-19,0.6430050134658813,0.6430050134658813,0.6385769844055176,0.638867974281311,0.638867974281311,604379
INOFI USD,FON21711-USD,2022-09-20,0.6388660073280334,0.6392989754676819,0.6386380195617676,0.6390389800071716,0.6390389800071716,644826
INOFI USD,FON21711-USD,2022-09-21,0.6390349864959717,0.6392130255699158,0.6385310292243958,0.6387550234794617,0.6387550234794617,482669
INOFI USD,FON21711-USD,2022-09-22,0.6387680172920227,0.6427919864654541,0.6385040283203125,0.6387900114059448,0.6387900114059448,650276
INOFI USD,FON21711-USD,2022-09-23,0.6387959718704224,0.639303982257843,0.6383659839630127,0.6383879780769348,0.6383879780769348,765388
INOFI USD,FON21711-USD,2022-09-24,0.6383879780769348,0.6393340229988098,0.6383709907531738,0.6388319730758667,0.6388319730758667,706414
INOFI USD,FON21711-USD,2022-09-25,0.6388339996337891,0.6390510201454163,0.6384180188179016,0.6384350061416626,0.6384350061416626,809755
INOFI USD,FON21711-USD,2022-09-26,0.6384299993515015,0.6437649726867676,0.638418972492218,0.6409929990768433,0.6409929990768433,624020
INOFI USD,FON21711-USD,2022-09-27,0.6409900188446045,0.6411250233650208,0.6383680105209351,0.6383870244026184,0.6383870244026184,665238
INOFI USD,FON21711-USD,2022-09-28,0.6383860111236572,0.6407089829444885,0.6383429765701294,0.6385849714279175,0.6385849714279175,797847
INOFI USD,FON21711-USD,2022-09-29,0.6385980248451233,0.6386079788208008,0.6383600234985352,0.6384509801864624,0.6384509801864624,82267
INOFI USD,FON21711-USD,2022-09-30,0.6384490132331848,0.6398490071296692,0.6383060216903687,0.6383309960365295,0.6383309960365295,657105
INOFI USD,FON21711-USD,2022-10-01,0.6383389830589294,0.6387370228767395,0.6382719874382019,0.6383270025253296,0.6383270025253296,703401
INOFI USD,FON21711-USD,2022-10-02,0.638329029083252,0.6417329907417297,0.6382799744606018,0.6416379809379578,0.6416379809379578,446023
INOFI USD,FON21711-USD,2022-10-03,0.6416360139846802,0.6520450115203857,0.6413189768791199,0.6457570195198059,0.6457570195198059,875778
INOFI USD,FON21711-USD,2022-10-04,0.6457589864730835,0.6471480131149292,0.6414629817008972,0.6416609883308411,0.6416609883308411,338984
INOFI USD,FON21711-USD,2022-10-05,0.6416609883308411,0.6511459946632385,0.6414160132408142,0.6467700004577637,0.6467700004577637,887866
INOFI USD,FON21711-USD,2022-10-06,0.6467679738998413,0.646826982498169,0.6416620016098022,0.6416910290718079,0.6416910290718079,840387
INOFI USD,FON21711-USD,2022-10-07,0.6416820287704468,0.6417109966278076,0.6393409967422485,0.639378011226654,0.639378011226654,552668
INOFI USD,FON21711-USD,2022-10-08,0.6393799781799316,0.6394219994544983,0.6393280029296875,0.6393529772758484,0.6393529772758484,831611
INOFI USD,FON21711-USD,2022-10-09,0.6393499970436096,0.6394180059432983,0.6393420100212097,0.6394010186195374,0.6394010186195374,187528
INOFI USD,FON21711-USD,2022-10-10,0.6394019722938538,0.6394190192222595,0.6392629742622375,0.6393120288848877,0.6393120288848877,187432
INOFI USD,FON21711-USD,2022-10-11,0.6393060088157654,0.6393330097198486,0.6385260224342346,0.6385369896888733,0.6385369896888733,458901
INOFI USD,FON21711-USD,2022-10-12,0.6385499835014343,0.6386280059814453,0.6385120153427124,0.6385949850082397,0.6385949850082397,354112
INOFI USD,FON21711-USD,2022-10-13,0.6385890245437622,0.638687014579773,0.6385579705238342,0.6386500000953674,0.6386500000953674,346665
INOFI USD,FON21711-USD,2022-10-14,0.6386529803276062,0.6387090086936951,0.6064379811286926,0.6064450144767761,0.6064450144767761,367418
INOFI USD,FON21711-USD,2022-10-15,0.6064440011978149,0.6252390146255493,0.6064440011978149,0.6071529984474182,0.6071529984474182,405811
INOFI USD,FON21711-USD,2022-10-16,0.6071509718894958,0.6229429841041565,0.6071180105209351,0.6210349798202515,0.6210349798202515,450664
INOFI USD,FON21711-USD,2022-10-17,0.6210370063781738,0.6216520071029663,0.6079440116882324,0.6211429834365845,0.6211429834365845,492974
INOFI USD,FON21711-USD,2022-10-18,0.6211420297622681,0.6245830059051514,0.6068680286407471,0.6088640093803406,0.6088640093803406,377330
INOFI USD,FON21711-USD,2022-10-19,0.6088640093803406,0.6299600005149841,0.6066359877586365,0.6066359877586365,0.6066359877586365,205596
INOFI USD,FON21711-USD,2022-10-20,0.6066409945487976,0.629492998123169,0.6021940112113953,0.6030960083007812,0.6030960083007812,298919
INOFI USD,FON21711-USD,2022-10-21,0.6031000018119812,0.6128219962120056,0.6031000018119812,0.6067749857902527,0.6067749857902527,313499
INOFI USD,FON21711-USD,2022-10-22,0.6067749857902527,0.628944993019104,0.6023290157318115,0.614251971244812,0.614251971244812,15789
INOFI USD,FON21711-USD,2022-10-23,0.6142380237579346,0.6283450126647949,0.6020439863204956,0.6021460294723511,0.6021460294723511,341611
INOFI USD,FON21711-USD,2022-10-24,0.6021419763565063,0.629381000995636,0.60173100233078,0.6059340238571167,0.6059340238571167,351708
INOFI USD,FON21711-USD,2022-10-25,0.6059280037879944,0.6253359913825989,0.6017109751701355,0.6018249988555908,0.6018249988555908,80901
INOFI USD,FON21711-USD,2022-10-26,0.6018210053443909,0.6019420027732849,0.6013739705085754,0.601419985294342,0.601419985294342,258835
INOFI USD,FON21711-USD,2022-10-27,0.6014220118522644,0.607429027557373,0.601410984992981,0.6061559915542603,0.6061559915542603,375116
INOFI USD,FON21711-USD,2022-10-28,0.606158971786499,0.6066660284996033,0.6012639999389648,0.6028879880905151,0.6028879880905151,407928
INOFI USD,FON21711-USD,2022-10-29,0.6028850078582764,0.6038230061531067,0.6014149785041809,0.6019359827041626,0.6019359827041626,250479
INOFI USD,FON21711-USD,2022-10-30,0.6019359827041626,0.6020479798316956,0.6014040112495422,0.6014080047607422,0.6014080047607422,301589
INOFI USD,FON21711-USD,2022-10-31,0.601410984992981,0.6017379760742188,0.6012600064277649,0.601468026638031,0.601468026638031,350947
INOFI USD,FON21711-USD,2022-11-01,0.6014729738235474,0.6018739938735962,0.6011769771575928,0.6014540195465088,0.6014540195465088,346890
INOFI USD,FON21711-USD,2022-11-02,0.6014509797096252,0.6019120216369629,0.6012279987335205,0.6018980145454407,0.6018980145454407,145784
INOFI USD,FON21711-USD,2022-11-03,0.6018869876861572,0.6078109741210938,0.6015669703483582,0.6047040224075317,0.6047040224075317,235140
INOFI USD,FON21711-USD,2022-11-04,0.6047049760818481,0.6297150254249573,0.6018030047416687,0.6100460290908813,0.6100460290908813,377371
INOFI USD,FON21711-USD,2022-11-05,0.6100460290908813,0.6226680278778076,0.609391987323761,0.615572988986969,0.615572988986969,21228
INOFI USD,FON21711-USD,2022-11-06,0.6155750155448914,0.6226019859313965,0.6106699705123901,0.6169549822807312,0.6169549822807312,312762
INOFI USD,FON21711-USD,2022-11-07,0.6169620156288147,0.6210500001907349,0.6104239821434021,0.6104570031166077,0.6104570031166077,785183
INOFI USD,FON21711-USD,2022-11-08,0.6104580163955688,0.62009197473526,0.608718991279602,0.608718991279602,0.608718991279602,459089
INOFI USD,FON21711-USD,2022-11-09,0.6087260246276855,0.6279450058937073,0.6085489988327026,0.6249240040779114,0.6249240040779114,757941
INOFI USD,FON21711-USD,2022-11-10,0.6249449849128723,0.784367024898529,0.6001430153846741,0.7827000021934509,0.7827000021934509,5283696
INOFI USD,FON21711-USD,2022-11-11,0.7826840281486511,0.8005989789962769,0.7657930254936218,0.7940080165863037,0.7940080165863037,9519190
INOFI USD,FON21711-USD,2022-11-12,0.7939919829368591,0.7990379929542542,0.7681999802589417,0.7972450256347656,0.7972450256347656,9161344
INOFI USD,FON21711-USD,2022-11-13,0.797245979309082,0.797245979309082,0.7137830257415771,0.7344740033149719,0.7344740033149719,8679478
INOFI USD,FON21711-USD,2022-11-14,0.7344710230827332,0.7542330026626587,0.7135229706764221,0.7535449862480164,0.7535449862480164,9092236
INOFI USD,FON21711-USD,2022-11-15,0.7535499930381775,0.758791983127594,0.735450029373169,0.7363579869270325,0.7363579869270325,9216280
INOFI USD,FON21711-USD,2022-11-16,0.7363619804382324,0.7503550052642822,0.7187880277633667,0.7196919918060303,0.7196919918060303,9061245
INOFI USD,FON21711-USD,2022-11-17,0.7196940183639526,0.7432039976119995,0.714290976524353,0.714402973651886,0.714402973651886,6106156
INOFI USD,FON21711-USD,2022-11-18,0.714398980140686,0.758948028087616,0.7143830060958862,0.7579150199890137,0.7579150199890137,7827011
INOFI USD,FON21711-USD,2022-11-19,0.7579240202903748,0.7581070065498352,0.754298985004425,0.7549710273742676,0.7549710273742676,10182263
INOFI USD,FON21711-USD,2022-11-20,0.7549600005149841,0.7562770247459412,0.7535279989242554,0.753682017326355,0.753682017326355,8724788
INOFI USD,FON21711-USD,2022-11-21,0.7536919713020325,0.7561759948730469,0.7311570048332214,0.7533130049705505,0.7533130049705505,7447499
INOFI USD,FON21711-USD,2022-11-22,0.7533069849014282,0.7533220052719116,0.6924340128898621,0.7128739953041077,0.7128739953041077,6837968
INOFI USD,FON21711-USD,2022-11-23,0.7128810286521912,0.7361720204353333,0.7128369808197021,0.7291619777679443,0.7291619777679443,7132380
INOFI USD,FON21711-USD,2022-11-24,0.7291600108146667,0.7764310240745544,0.6483029723167419,0.7763540148735046,0.7763540148735046,6524097
INOFI USD,FON21711-USD,2022-11-25,0.7763469815254211,0.7949399948120117,0.7363110184669495,0.7725729942321777,0.7725729942321777,9663074
INOFI USD,FON21711-USD,2022-11-26,0.7725729942321777,0.7842450141906738,0.766638994216919,0.7697719931602478,0.7697719931602478,10477959
INOFI USD,FON21711-USD,2022-11-27,0.7697669863700867,0.7780799865722656,0.7606189846992493,0.7689449787139893,0.7689449787139893,6160179
INOFI USD,FON21711-USD,2022-11-28,0.7689430117607117,0.7694000005722046,0.7393900156021118,0.7532129883766174,0.7532129883766174,9497545
INOFI USD,FON21711-USD,2022-11-29,0.7532129883766174,0.774944007396698,0.7425619959831238,0.769553005695343,0.769553005695343,21433308
INOFI USD,FON21711-USD,2022-11-30,0.7695440053939819,0.8049899935722351,0.7693020105361938,0.8004530072212219,0.8004530072212219,18645013
INOFI USD,FON21711-USD,2022-12-01,0.8004639744758606,0.8188149929046631,0.7591360211372375,0.7609339952468872,0.7609339952468872,20180845
INOFI USD,FON21711-USD,2022-12-02,0.7609320282936096,0.7774050235748291,0.7541000247001648,0.776199996471405,0.776199996471405,21502805
INOFI USD,FON21711-USD,2022-12-03,0.7761930227279663,0.7775009870529175,0.7615000009536743,0.7618460059165955,0.7618460059165955,20622321
INOFI USD,FON21711-USD,2022-12-04,0.7618470191955566,0.78261798620224,0.7607390284538269,0.7806940078735352,0.7806940078735352,20450892
INOFI USD,FON21711-USD,2022-12-05,0.7806980013847351,0.7866470217704773,0.7078779935836792,0.7096390128135681,0.7096390128135681,19566388
INOFI USD,FON21711-USD,2022-12-06,0.7096539735794067,0.7225580215454102,0.7001410126686096,0.7225059866905212,0.7225059866905212,17714608
INOFI USD,FON21711-USD,2022-12-07,0.7224969863891602,0.7224969863891602,0.7044939994812012,0.7060520052909851,0.7060520052909851,11258307
INOFI USD,FON21711-USD,2022-12-08,0.7060610055923462,0.7366790175437927,0.7057470083236694,0.7333430051803589,0.7333430051803589,10458262
INOFI USD,FON21711-USD,2022-12-09,0.7333379983901978,0.7362610101699829,0.7106990218162537,0.7117400169372559,0.7117400169372559,10222825
INOFI USD,FON21711-USD,2022-12-10,0.7117440104484558,0.7199479937553406,0.7116349935531616,0.7163829803466797,0.7163829803466797,10627501
INOFI USD,FON21711-USD,2022-12-11,0.7163739800453186,0.7198659777641296,0.7136960029602051,0.7158560156822205,0.7158560156822205,10480969
INOFI USD,FON21711-USD,2022-12-12,0.7158610224723816,0.722038984298706,0.7055280208587646,0.7211269736289978,0.7211269736289978,10197485
INOFI USD,FON21711-USD,2022-12-13,0.7211300134658813,0.7561519742012024,0.7211300134658813,0.7403630018234253,0.7403630018234253,10207010
INOFI USD,FON21711-USD,2022-12-14,0.7403709888458252,0.7458980083465576,0.7141739726066589,0.717926025390625,0.717926025390625,10072113
INOFI USD,FON21711-USD,2022-12-15,0.7179279923439026,0.7192950248718262,0.67814701795578,0.6984040141105652,0.6984040141105652,9558621
INOFI USD,FON21711-USD,2022-12-16,0.6984040141105652,0.7097960114479065,0.6849910020828247,0.6869549751281738,0.6869549751281738,9043263
INOFI USD,FON21711-USD,2022-12-17,0.6869440078735352,0.7200760245323181,0.6692180037498474,0.7188649773597717,0.7188649773597717,6013005
INOFI USD,FON21711-USD,2022-12-18,0.7188460230827332,0.7188460230827332,0.4475530087947845,0.6505500078201294,0.6505500078201294,451872
INOFI USD,FON21711-USD,2022-12-19,0.6505460143089294,0.6505839824676514,0.4697999954223633,0.6200990080833435,0.6200990080833435,4192504
INOFI USD,FON21711-USD,2022-12-20,0.6200950145721436,0.6202710270881653,0.6123729944229126,0.6201689839363098,0.6201689839363098,2682901
INOFI USD,FON21711-USD,2022-12-21,0.6201599836349487,0.6900359988212585,0.6125519871711731,0.6157469749450684,0.6157469749450684,2735370
INOFI USD,FON21711-USD,2022-12-22,0.6157490015029907,0.6210500001907349,0.6101430058479309,0.6197069883346558,0.6197069883346558,2860505
INOFI USD,FON21711-USD,2022-12-23,0.6197010278701782,0.6293569803237915,0.6162700057029724,0.6177880167961121,0.6177880167961121,2894308
INOFI USD,FON21711-USD,2022-12-24,0.6177880167961121,0.6213139891624451,0.6162980198860168,0.6209949851036072,0.6209949851036072,2883554
INOFI USD,FON21711-USD,2022-12-25,0.6209930181503296,0.6210049986839294,0.6147480010986328,0.6190149784088135,0.6190149784088135,2988897
INOFI USD,FON21711-USD,2022-12-26,0.6190090179443359,0.6232560276985168,0.6184089779853821,0.6220470070838928,0.6220470070838928,2715834
INOFI USD,FON21711-USD,2022-12-27,0.6220269799232483,0.6241199970245361,0.6110249757766724,0.6111090183258057,0.6111090183258057,2665666
INOFI USD,FON21711-USD,2022-12-28,0.6111109852790833,0.6238960027694702,0.5825639963150024,0.6176559925079346,0.6176559925079346,2332496
INOFI USD,FON21711-USD,2022-12-29,0.6176519989967346,0.6229389905929565,0.5645779967308044,0.6210349798202515,0.6210349798202515,1274556
INOFI USD,FON21711-USD,2022-12-30,0.6210330128669739,0.622061014175415,0.6076380014419556,0.61558997631073,0.61558997631073,1097542
INOFI USD,FON21711-USD,2022-12-31,0.6155959963798523,0.6161680221557617,0.5906080007553101,0.5906220078468323,0.5906220078468323,1951139
INOFI USD,FON21711-USD,2023-01-01,0.590624988079071,0.6155809760093689,0.5890100002288818,0.6076099872589111,0.6076099872589111,1578247
INOFI USD,FON21711-USD,2023-01-02,0.6076070070266724,0.6162149906158447,0.6075909733772278,0.6093609929084778,0.6093609929084778,3136376
INOFI USD,FON21711-USD,2023-01-03,0.6093680262565613,0.6554419994354248,0.5999900102615356,0.617950975894928,0.617950975894928,3479133
INOFI USD,FON21711-USD,2023-01-04,0.6179460287094116,0.6299750208854675,0.6161569952964783,0.6245520114898682,0.6245520114898682,3821276
INOFI USD,FON21711-USD,2023-01-05,0.6245459914207458,0.6252580285072327,0.61285400390625,0.6168130040168762,0.6168130040168762,3118484
INOFI USD,FON21711-USD,2023-01-06,0.6168209910392761,0.62323397397995,0.6139050126075745,0.6224870085716248,0.6224870085716248,2923318
INOFI USD,FON21711-USD,2023-01-07,0.6224830150604248,0.6255959868431091,0.61531001329422,0.6176360249519348,0.6176360249519348,2950593
INOFI USD,FON21711-USD,2023-01-08,0.6176350116729736,0.6230239868164062,0.6160200238227844,0.6230229735374451,0.6230229735374451,2915965
INOFI USD,FON21711-USD,2023-01-09,0.6230149865150452,0.6346240043640137,0.6219450235366821,0.6223000288009644,0.6223000288009644,2934405
INOFI USD,FON21711-USD,2023-01-10,0.622298002243042,0.6292030215263367,0.6152849793434143,0.627062976360321,0.627062976360321,2996079
INOFI USD,FON21711-USD,2023-01-11,0.6270589828491211,0.6358469724655151,0.6182060241699219,0.6356620192527771,0.6356620192527771,2855678
INOFI USD,FON21711-USD,2023-01-12,0.6351379752159119,0.6706770062446594,0.635109007358551,0.6494100093841553,0.6494100093841553,3076083
INOFI USD,FON21711-USD,2023-01-13,0.6494280099868774,0.6584470272064209,0.6311740279197693,0.6531400084495544,0.6531400084495544,3156156
INOFI USD,FON21711-USD,2023-01-14,0.6531350016593933,0.6940330266952515,0.6476309895515442,0.6515020132064819,0.6515020132064819,2691300
INOFI USD,FON21711-USD,2023-01-15,0.651494026184082,0.6527699828147888,0.5998600125312805,0.6154289841651917,0.6154289841651917,2706226
INOFI USD,FON21711-USD,2023-01-16,0.615414023399353,0.6345800161361694,0.6134240031242371,0.6262789964675903,0.6262789964675903,2990498
INOFI USD,FON21711-USD,2023-01-17,0.6262810230255127,0.6359909772872925,0.6088799834251404,0.6173639893531799,0.6173639893531799,3329349
INOFI USD,FON21711-USD,2023-01-18,0.6173660159111023,0.6274750232696533,0.5966309905052185,0.6042439937591553,0.6042439937591553,3181222
INOFI USD,FON21711-USD,2023-01-19,0.6042439937591553,0.6310650110244751,0.5939540266990662,0.6310650110244751,0.6310650110244751,2918364
INOFI USD,FON21711-USD,2023-01-20,0.6310539841651917,0.6543530225753784,0.6201779842376709,0.6526070237159729,0.6526070237159729,2946402
INOFI USD,FON21711-USD,2023-01-21,0.6526100039482117,0.6874200105667114,0.6200770139694214,0.6203349828720093,0.6203349828720093,2856576
INOFI USD,FON21711-USD,2023-01-22,0.6203389763832092,0.6279240250587463,0.5968980193138123,0.6167449951171875,0.6167449951171875,2754829
INOFI USD,FON21711-USD,2023-01-23,0.6167359948158264,0.6347150206565857,0.6079469919204712,0.6234269738197327,0.6234269738197327,2828358
INOFI USD,FON21711-USD,2023-01-24,0.6234250068664551,0.6301109790802002,0.6069449782371521,0.6098290085792542,0.6098290085792542,2698039
INOFI USD,FON21711-USD,2023-01-25,0.6098290085792542,0.6406840085983276,0.6018450260162354,0.6318089962005615,0.6318089962005615,2591953
INOFI USD,FON21711-USD,2023-01-26,0.631820023059845,0.6405240297317505,0.60030198097229,0.615149974822998,0.615149974822998,2604630
INOFI USD,FON21711-USD,2023-01-27,0.6151540279388428,0.6295139789581299,0.6020069718360901,0.619612991809845,0.619612991809845,2479712
INOFI USD,FON21711-USD,2023-01-28,0.619608998298645,0.6310070157051086,0.6070370078086853,0.617169976234436,0.617169976234436,2403668
INOFI USD,FON21711-USD,2023-01-29,0.6171749830245972,0.6425510048866272,0.6148819923400879,0.638463020324707,0.638463020324707,2403322
INOFI USD,FON21711-USD,2023-01-30,0.6384570002555847,0.6390780210494995,0.5868549942970276,0.593654990196228,0.593654990196228,2274950
INOFI USD,FON21711-USD,2023-01-31,0.5936480164527893,0.6316930055618286,0.5918440222740173,0.6265230178833008,0.6265230178833008,2247388
INOFI USD,FON21711-USD,2023-02-01,0.6265360116958618,0.6419810056686401,0.6125969886779785,0.6332619786262512,0.6332619786262512,2372804
INOFI USD,FON21711-USD,2023-02-02,0.6332550048828125,0.6826859712600708,0.5843819975852966,0.5843819975852966,0.5843819975852966,2174655
INOFI USD,FON21711-USD,2023-02-03,0.5843830108642578,0.6330410242080688,0.5750759840011597,0.6323829889297485,0.6323829889297485,2100672
INOFI USD,FON21711-USD,2023-02-04,0.632377028465271,0.6383169889450073,0.6258419752120972,0.6294630169868469,0.6294630169868469,2242654
INOFI USD,FON21711-USD,2023-02-05,0.629459023475647,0.6362349987030029,0.6160370111465454,0.6232230067253113,0.6232230067253113,2221643
INOFI USD,FON21711-USD,2023-02-06,0.62322998046875,0.6397740244865417,0.6153159737586975,0.6276640295982361,0.6276640295982361,2195194
INOFI USD,FON21711-USD,2023-02-07,0.6276599764823914,0.6500380039215088,0.6243590116500854,0.6471999883651733,0.6471999883651733,2099935
INOFI USD,FON21711-USD,2023-02-08,0.6472070217132568,0.6483049988746643,0.5930960178375244,0.5946779847145081,0.5946779847145081,1919447
INOFI USD,FON21711-USD,2023-02-09,0.5946760177612305,0.5982499718666077,0.5714870095252991,0.5728909969329834,0.5728909969329834,1797413
INOFI USD,FON21711-USD,2023-02-10,0.5728899836540222,0.5990440249443054,0.5723040103912354,0.5989919900894165,0.5989919900894165,1770345
INOFI USD,FON21711-USD,2023-02-11,0.5990260243415833,0.6114969849586487,0.595238983631134,0.6092990040779114,0.6092990040779114,1804481
INOFI USD,FON21711-USD,2023-02-12,0.6092889904975891,0.6134269833564758,0.5990009903907776,0.6006259918212891,0.6006259918212891,1796853
INOFI USD,FON21711-USD,2023-02-13,0.6006280183792114,0.6056259870529175,0.5866850018501282,0.6044629812240601,0.6044629812240601,1738529
INOFI USD,FON21711-USD,2023-02-14,0.6044579744338989,0.6220369935035706,0.5996590256690979,0.6142479777336121,0.6142479777336121,1613585
INOFI USD,FON21711-USD,2023-02-15,0.6142489910125732,0.6616849899291992,0.6118329763412476,0.6612439751625061,0.6612439751625061,1737360
INOFI USD,FON21711-USD,2023-02-16,0.6612480282783508,0.67603999376297,0.5330950021743774,0.533536970615387,0.533536970615387,1653132
INOFI USD,FON21711-USD,2023-02-17,0.533536970615387,0.6645969748497009,0.5225510001182556,0.6645950078964233,0.6645950078964233,1734118
INOFI USD,FON21711-USD,2023-02-18,0.664592981338501,0.6688929796218872,0.5773149728775024,0.5879070162773132,0.5879070162773132,2052759
INOFI USD,FON21711-USD,2023-02-19,0.587906002998352,0.5974509716033936,0.5747039914131165,0.5778869986534119,0.5778869986534119,2162740
INOFI USD,FON21711-USD,2023-02-20,0.5778930187225342,0.5989120006561279,0.5656819939613342,0.5989120006561279,0.5989120006561279,2110980
INOFI USD,FON21711-USD,2023-02-21,0.5989090204238892,0.6105369925498962,0.5718370079994202,0.5765759944915771,0.5765759944915771,2079601
INOFI USD,FON21711-USD,2023-02-22,0.576583981513977,0.6153650283813477,0.5661320090293884,0.6142609715461731,0.6142609715461731,2053086
INOFI USD,FON21711-USD,2023-02-23,0.6142590045928955,0.6343420147895813,0.6068840026855469,0.6132259964942932,0.6132259964942932,3969926
INOFI USD,FON21711-USD,2023-02-24,0.6132220029830933,0.6267619729042053,0.5924130082130432,0.6005409955978394,0.6005409955978394,3556634
INOFI USD,FON21711-USD,2023-02-25,0.6005430221557617,0.6221529841423035,0.5928120017051697,0.6191319823265076,0.6191319823265076,3330049
INOFI USD,FON21711-USD,2023-02-26,0.6191319823265076,0.6419649720191956,0.6161490082740784,0.6303550004959106,0.6303550004959106,3557706
INOFI USD,FON21711-USD,2023-02-27,0.6303499937057495,0.6374139785766602,0.609266996383667,0.6191580295562744,0.6191580295562744,3368958
INOFI USD,FON21711-USD,2023-02-28,0.6191369891166687,0.6277130246162415,0.6088470220565796,0.6098440289497375,0.6098440289497375,3032264
INOFI USD,FON21711-USD,2023-03-01,0.6098530292510986,0.6357129812240601,0.6094390153884888,0.6338899731636047,0.6338899731636047,2891742
INOFI USD,FON21711-USD,2023-03-02,0.633882999420166,0.6347709894180298,0.5868030190467834,0.5967540144920349,0.5967540144920349,2856758
INOFI USD,FON21711-USD,2023-03-03,0.596750020980835,0.597337007522583,0.5630009770393372,0.5725569725036621,0.5725569725036621,2679378
INOFI USD,FON21711-USD,2023-03-04,0.5725560188293457,0.6055110096931458,0.5722479820251465,0.6011689901351929,0.6011689901351929,2698059
INOFI USD,FON21711-USD,2023-03-05,0.6011710166931152,0.6088870167732239,0.5987120270729065,0.6034640073776245,0.6034640073776245,2684893
INOFI USD,FON21711-USD,2023-03-06,0.6034590005874634,0.6048970222473145,0.59368497133255,0.6005070209503174,0.6005070209503174,2695282
INOFI USD,FON21711-USD,2023-03-07,0.6005100011825562,0.6051530241966248,0.5891500115394592,0.5955079793930054,0.5955079793930054,2608084
INOFI USD,FON21711-USD,2023-03-08,0.5955089926719666,0.6234009861946106,0.5939469933509827,0.6062039732933044,0.6062039732933044,2546931
INOFI USD,FON21711-USD,2023-03-09,0.6062039732933044,0.6167060136795044,0.5670530200004578,0.5812919735908508,0.5812919735908508,2513087
INOFI USD,FON21711-USD,2023-03-10,0.5812879800796509,0.6294519901275635,0.5648940205574036,0.6253499984741211,0.6253499984741211,2750619
INOFI USD,FON21711-USD,2023-03-11,0.6253359913825989,0.6548359990119934,0.5902739763259888,0.6050180196762085,0.6050180196762085,2444716
INOFI USD,FON21711-USD,2023-03-12,0.6049209833145142,0.6182630062103271,0.5806459784507751,0.6173229813575745,0.6173229813575745,4260805
INOFI USD,FON21711-USD,2023-03-13,0.6173449754714966,0.6423799991607666,0.5808519721031189,0.5961499810218811,0.5961499810218811,2927456
INOFI USD,FON21711-USD,2023-03-14,0.5961350202560425,0.6114199757575989,0.5687879920005798,0.5728719830513,0.5728719830513,3044793
INOFI USD,FON21711-USD,2023-03-15,0.5728489756584167,0.5934810042381287,0.570933997631073,0.5896270275115967,0.5896270275115967,3159837
INOFI USD,FON21711-USD,2023-03-16,0.5896509885787964,0.5932250022888184,0.580502986907959,0.5860750079154968,0.5860750079154968,2769383
INOFI USD,FON21711-USD,2023-03-17,0.5860559940338135,0.5910490155220032,0.5829200148582458,0.5885810256004333,0.5885810256004333,2905820
INOFI USD,FON21711-USD,2023-03-18,0.5885519981384277,0.5889350175857544,0.5791699886322021,0.5807579755783081,0.5807579755783081,2740245
INOFI USD,FON21711-USD,2023-03-19,0.5807520151138306,0.5887619853019714,0.5801140069961548,0.5875239968299866,0.5875239968299866,3296739
INOFI USD,FON21711-USD,2023-03-20,0.5875200033187866,0.600970983505249,0.5775319933891296,0.581725001335144,0.581725001335144,2657125
INOFI USD,FON21711-USD,2023-03-21,0.5817549824714661,0.5859130024909973,0.5794810056686401,0.5843499898910522,0.5843499898910522,2932535
INOFI USD,FON21711-USD,2023-03-22,0.5843579769134521,0.5851269960403442,0.5756409764289856,0.5821539759635925,0.5821539759635925,2662815
INOFI USD,FON21711-USD,2023-03-23,0.5821200013160706,0.5925130248069763,0.5810649991035461,0.5896170139312744,0.5896170139312744,2789148
INOFI USD,FON21711-USD,2023-03-24,0.5896400213241577,0.5899519920349121,0.5803999900817871,0.5815060138702393,0.5815060138702393,2693375
INOFI USD,FON21711-USD,2023-03-25,0.5815119743347168,0.5866860151290894,0.5813850164413452,0.5850719809532166,0.5850719809532166,2561952
INOFI USD,FON21711-USD,2023-03-26,0.5850750207901001,0.5878559947013855,0.5844699740409851,0.5871080160140991,0.5871080160140991,2503364
INOFI USD,FON21711-USD,2023-03-27,0.587116003036499,0.5871679782867432,0.5797340273857117,0.5811300277709961,0.5811300277709961,2662716
INOFI USD,FON21711-USD,2023-03-28,0.5811280012130737,0.586916983127594,0.579321026802063,0.5852519869804382,0.5852519869804382,3887585
INOFI USD,FON21711-USD,2023-03-29,0.5852299928665161,0.5914930105209351,0.584526002407074,0.5850539803504944,0.5850539803504944,4823212
INOFI USD,FON21711-USD,2023-03-30,0.5850610136985779,0.5880640149116516,0.5783010125160217,0.579397976398468,0.579397976398468,4113810
INOFI USD,FON21711-USD,2023-03-31,0.5794069766998291,0.5877249836921692,0.5768899917602539,0.5865920186042786,0.5865920186042786,4291143
INOFI USD,FON21711-USD,2023-04-01,0.5865820050239563,0.58815997838974,0.5829449892044067,0.5839229822158813,0.5839229822158813,3881378
INOFI USD,FON21711-USD,2023-04-02,0.5846070051193237,0.5850510001182556,0.5818769931793213,0.5835270285606384,0.5835270285606384,3734431
INOFI USD,FON21711-USD,2023-04-03,0.5835180282592773,0.5853850245475769,0.5810610055923462,0.5828480124473572,0.5828480124473572,4505660
INOFI USD,FON21711-USD,2023-04-04,0.5828400254249573,0.5887359976768494,0.5827839970588684,0.5861549973487854,0.5861549973487854,4422245
INOFI USD,FON21711-USD,2023-04-05,0.5861459970474243,0.5886679887771606,0.5836589932441711,0.5845199823379517,0.5845199823379517,4144126
INOFI USD,FON21711-USD,2023-04-06,0.5845440030097961,0.5857430100440979,0.5814200043678284,0.5841540098190308,0.5841540098190308,4657619
INOFI USD,FON21711-USD,2023-04-07,0.5841230154037476,0.5855990052223206,0.5835639834403992,0.58440101146698,0.58440101146698,4096064
INOFI USD,FON21711-USD,2023-04-08,0.5843859910964966,0.5859619975090027,0.5838040113449097,0.5848810076713562,0.5848810076713562,4383998
INOFI USD,FON21711-USD,2023-04-09,0.5848979949951172,0.5874000191688538,0.5836910009384155,0.5864099860191345,0.5864099860191345,4441439
INOFI USD,FON21711-USD,2023-04-10,0.5864229798316956,0.5914469957351685,0.5853610038757324,0.5901740193367004,0.5901740193367004,3146333
INOFI USD,FON21711-USD,2023-04-11,0.5902040004730225,0.593716025352478,0.5868260264396667,0.5872899889945984,0.5872899889945984,2731902
INOFI USD,FON21711-USD,2023-04-12,0.5873100161552429,0.5876870155334473,0.5758230090141296,0.5856800079345703,0.5856800079345703,2543089
INOFI USD,FON21711-USD,2023-04-13,0.5835009813308716,0.5874980092048645,0.5833200216293335,0.5870630145072937,0.5870630145072937,2436634
INOFI USD,FON21711-USD,2023-04-14,0.5870940089225769,0.5888280272483826,0.5836939811706543,0.58542400598526,0.58542400598526,2784642
INOFI USD,FON21711-USD,2023-04-15,0.58542799949646,0.5860090255737305,0.5828539729118347,0.5842999815940857,0.5842999815940857,2705692
INOFI USD,FON21711-USD,2023-04-16,0.5842949748039246,0.5866270065307617,0.583836019039154,0.5847949981689453,0.5847949981689453,2559545
INOFI USD,FON21711-USD,2023-04-17,0.5847989916801453,0.5849499702453613,0.5806739926338196,0.5814419984817505,0.5814419984817505,2592581
INOFI USD,FON21711-USD,2023-04-18,0.581421971321106,0.5888100266456604,0.581421971321106,0.588575005531311,0.588575005531311,2614175
INOFI USD,FON21711-USD,2023-04-19,0.5885850191116333,0.5889930129051208,0.5775240063667297,0.578698992729187,0.578698992729187,2385205
INOFI USD,FON21711-USD,2023-04-20,0.5787000060081482,0.5869609713554382,0.5784689784049988,0.5852199792861938,0.5852199792861938,2264921
INOFI USD,FON21711-USD,2023-04-21,0.5852169990539551,0.5860729813575745,0.5829340219497681,0.5835270285606384,0.5835270285606384,1795722
INOFI USD,FON21711-USD,2023-04-22,0.5835360288619995,0.5904160141944885,0.5829290151596069,0.589972972869873,0.589972972869873,1681797
INOFI USD,FON21711-USD,2023-04-23,0.5899710059165955,0.5899710059165955,0.5860030055046082,0.5864660143852234,0.5864660143852234,1654214
INOFI USD,FON21711-USD,2023-04-24,0.5864890217781067,0.5891839861869812,0.5800089836120605,0.5819950103759766,0.5819950103759766,1883662
INOFI USD,FON21711-USD,2023-04-25,0.5819969773292542,0.5863919854164124,0.5801780223846436,0.5855960249900818,0.5855960249900818,1674293
INOFI USD,FON21711-USD,2023-04-26,0.5856040120124817,0.5933640003204346,0.5806800127029419,0.5827839970588684,0.5827839970588684,1644942
INOFI USD,FON21711-USD,2023-04-27,0.5827789902687073,0.5925700068473816,0.5778800249099731,0.5866990089416504,0.5866990089416504,1842429
INOFI USD,FON21711-USD,2023-04-28,0.5867030024528503,0.5868489742279053,0.5800960063934326,0.5820450186729431,0.5820450186729431,1470431
INOFI USD,FON21711-USD,2023-04-29,0.582073986530304,0.584496021270752,0.5813230276107788,0.582082986831665,0.582082986831665,1373837
INOFI USD,FON21711-USD,2023-04-30,0.5820710062980652,0.5853040218353271,0.5815479755401611,0.5827370285987854,0.5827370285987854,1361614
INOFI USD,FON21711-USD,2023-05-01,0.5827329754829407,0.5831819772720337,0.575406014919281,0.5774850249290466,0.5774850249290466,1264143
INOFI USD,FON21711-USD,2023-05-02,0.5774999856948853,0.5916600227355957,0.5770710110664368,0.5898169875144958,0.5898169875144958,1591767
INOFI USD,FON21711-USD,2023-05-03,0.5898420214653015,0.5903949737548828,0.5851879715919495,0.5886939764022827,0.5886939764022827,1088045
INOFI USD,FON21711-USD,2023-05-04,0.5886920094490051,0.5910599827766418,0.5853819847106934,0.5866360068321228,0.5866360068321228,995846
INOFI USD,FON21711-USD,2023-05-05,0.5866280198097229,0.5911949872970581,0.586076021194458,0.5904110074043274,0.5904110074043274,1060094
INOFI USD,FON21711-USD,2023-05-06,0.5903900265693665,0.591035008430481,0.5841060280799866,0.5855950117111206,0.5855950117111206,1003553
INOFI USD,FON21711-USD,2023-05-07,0.5856000185012817,0.5904020071029663,0.5843809843063354,0.5862190127372742,0.5862190127372742,943637
INOFI USD,FON21711-USD,2023-05-08,0.5862060189247131,0.5872300267219543,0.580797016620636,0.5847039818763733,0.5847039818763733,1194760
INOFI USD,FON21711-USD,2023-05-09,0.5847049951553345,0.5890799760818481,0.5833650231361389,0.5872250199317932,0.5872250199317932,1134114
INOFI USD,FON21711-USD,2023-05-10,0.5872470140457153,0.5909720063209534,0.5851399898529053,0.5876479744911194,0.5876479744911194,625885
INOFI USD,FON21711-USD,2023-05-11,0.5876849889755249,0.5877190232276917,0.5825420022010803,0.5847160220146179,0.5847160220146179,1450702
INOFI USD,FON21711-USD,2023-05-12,0.5847169756889343,0.5868260264396667,0.580955982208252,0.5866109728813171,0.5866109728813171,1008026
INOFI USD,FON21711-USD,2023-05-13,0.5865780115127563,0.5920109748840332,0.5861030220985413,0.5873749852180481,0.5873749852180481,982019
INOFI USD,FON21711-USD,2023-05-14,0.5873649716377258,0.588936984539032,0.5860769748687744,0.5878940224647522,0.5878940224647522,940550
INOFI USD,FON21711-USD,2023-05-15,0.587867021560669,0.5906350016593933,0.5872060060501099,0.5883240103721619,0.5883240103721619,887716
INOFI USD,FON21711-USD,2023-05-16,0.5883219838142395,0.5894100069999695,0.5845620036125183,0.5864980220794678,0.5864980220794678,879403
INOFI USD,FON21711-USD,2023-05-17,0.5864949822425842,0.5895609855651855,0.5850620269775391,0.588808000087738,0.588808000087738,1091248
INOFI USD,FON21711-USD,2023-05-18,0.588808000087738,0.5906010270118713,0.5789669752120972,0.5846610069274902,0.5846610069274902,1131681
INOFI USD,FON21711-USD,2023-05-19,0.5846899747848511,0.5871269702911377,0.5845159888267517,0.5862299799919128,0.5862299799919128,960297
INOFI USD,FON21711-USD,2023-05-20,0.5862360000610352,0.5868459939956665,0.5857800245285034,0.5868300199508667,0.5868300199508667,902566
INOFI USD,FON21711-USD,2023-05-21,0.5868179798126221,0.5888260006904602,0.585640013217926,0.5856770277023315,0.5856770277023315,832528
INOFI USD,FON21711-USD,2023-05-22,0.5856549739837646,0.5882269740104675,0.5844200253486633,0.587788999080658,0.587788999080658,1269848
INOFI USD,FON21711-USD,2023-05-23,0.5877900123596191,0.5906310081481934,0.5874620079994202,0.5887740254402161,0.5887740254402161,1046814
INOFI USD,FON21711-USD,2023-05-24,0.5887870192527771,0.5887969732284546,0.5818219780921936,0.5832560062408447,0.5832560062408447,979975
INOFI USD,FON21711-USD,2023-05-25,0.5832290053367615,0.5885270237922668,0.5813969969749451,0.5877820253372192,0.5877820253372192,916231
INOFI USD,FON21711-USD,2023-05-26,0.5877810120582581,0.5899720191955566,0.5869529843330383,0.5883190035820007,0.5883190035820007,929857
INOFI USD,FON21711-USD,2023-05-27,0.5883129835128784,0.589102029800415,0.5863959789276123,0.5880470275878906,0.5880470275878906,1102487
INOFI USD,FON21711-USD,2023-05-28,0.588030993938446,0.5933740139007568,0.5878700017929077,0.5926300287246704,0.5926300287246704,996442
INOFI USD,FON21711-USD,2023-05-29,0.5927129983901978,0.5945000052452087,0.5851330161094666,0.5857290029525757,0.5857290029525757,910522
INOFI USD,FON21711-USD,2023-05-30,0.5857589840888977,0.5882830023765564,0.584272027015686,0.5870000123977661,0.5870000123977661,927329
INOFI USD,FON21711-USD,2023-05-31,0.5870109796524048,0.5876889824867249,0.5832729935646057,0.5853649973869324,0.5853649973869324,1011607
INOFI USD,FON21711-USD,2023-06-01,0.5853639841079712,0.5882049798965454,0.5832189917564392,0.5854330062866211,0.5854330062866211,994987
INOFI USD,FON21711-USD,2023-06-02,0.5854259729385376,0.5896239876747131,0.5846430063247681,0.5892469882965088,0.5892469882965088,923523
INOFI USD,FON21711-USD,2023-06-03,0.58924400806427,0.5898839831352234,0.5858079791069031,0.5863659977912903,0.5863659977912903,900919
INOFI USD,FON21711-USD,2023-06-04,0.5863819718360901,0.58890300989151,0.5862690210342407,0.5874429941177368,0.5874429941177368,787324
INOFI USD,FON21711-USD,2023-06-05,0.5874540209770203,0.5876070261001587,0.5793899893760681,0.5815200209617615,0.5815200209617615,715800
INOFI USD,FON21711-USD,2023-06-06,0.5815050005912781,0.5964400172233582,0.5809419751167297,0.5960239768028259,0.5960239768028259,1032639
INOFI USD,FON21711-USD,2023-06-07,0.5960109829902649,0.5966110229492188,0.5847439765930176,0.585332989692688,0.585332989692688,925831
INOFI USD,FON21711-USD,2023-06-08,0.5853469967842102,0.5911830067634583,0.5850769877433777,0.5898780226707458,0.5898780226707458,853414
INOFI USD,FON21711-USD,2023-06-09,0.5898770093917847,0.5908610224723816,0.5876830220222473,0.589024007320404,0.589024007320404,640505
INOFI USD,FON21711-USD,2023-06-10,0.5890259742736816,0.5893949866294861,0.5830389857292175,0.5864830017089844,0.5864830017089844,535862
INOFI USD,FON21711-USD,2023-06-11,0.5864949822425842,0.5917019844055176,0.5860639810562134,0.5896130204200745,0.5896130204200745,487322
INOFI USD,FON21711-USD,2023-06-12,0.5896180272102356,0.5913410186767578,0.5875089764595032,0.5889660120010376,0.5889660120010376,1837335
INOFI USD,FON21711-USD,2023-06-13,0.5889899730682373,0.5925440192222595,0.5881890058517456,0.5890799760818481,0.5890799760818481,2193156
INOFI USD,FON21711-USD,2023-06-14,0.5890799760818481,0.5901190042495728,0.583856999874115,0.5853530168533325,0.5853530168533325,2124015
INOFI USD,FON21711-USD,2023-06-15,0.5853539705276489,0.585561990737915,0.5543580055236816,0.5799790024757385,0.5799790024757385,2197488
INOFI USD,FON21711-USD,2023-06-16,0.5799760222434998,0.5913519859313965,0.5795199871063232,0.5859879851341248,0.5859879851341248,3200286
INOFI USD,FON21711-USD,2023-06-17,0.5859879851341248,0.588433027267456,0.5827929973602295,0.5836570262908936,0.5836570262908936,2647306
INOFI USD,FON21711-USD,2023-06-18,0.5836340188980103,0.5841950178146362,0.5805240273475647,0.5820749998092651,0.5820749998092651,2694787
INOFI USD,FON21711-USD,2023-06-19,0.5820850133895874,0.585112988948822,0.5815610289573669,0.585112988948822,0.585112988948822,2809399
INOFI USD,FON21711-USD,2023-06-20,0.5849990248680115,0.5894320011138916,0.5838770270347595,0.5881329774856567,0.5881329774856567,2349103
INOFI USD,FON21711-USD,2023-06-21,0.5881249904632568,0.5890550017356873,0.5782949924468994,0.5786510109901428,0.5786510109901428,3512387
INOFI USD,FON21711-USD,2023-06-22,0.5786049962043762,0.5850329995155334,0.5758110284805298,0.5774959921836853,0.5774959921836853,3451362
INOFI USD,FON21711-USD,2023-06-23,0.5775529742240906,0.5918530225753784,0.5772290229797363,0.5833709836006165,0.5833709836006165,3377403
INOFI USD,FON21711-USD,2023-06-24,0.5833690166473389,0.5833690166473389,0.5769529938697815,0.5798149704933167,0.5798149704933167,2823237
INOFI USD,FON21711-USD,2023-06-25,0.5798559784889221,0.5813620090484619,0.5789740085601807,0.5799329876899719,0.5799329876899719,2552079
INOFI USD,FON21711-USD,2023-06-26,0.5799049735069275,0.5854769945144653,0.5782560110092163,0.584867000579834,0.584867000579834,2414663
INOFI USD,FON21711-USD,2023-06-27,0.584879994392395,0.5884439945220947,0.5843920111656189,0.5871700048446655,0.5871700048446655,1808959
INOFI USD,FON21711-USD,2023-06-28,0.5871670246124268,0.5873479843139648,0.5820900201797485,0.5831000208854675,0.5831000208854675,2217126
INOFI USD,FON21711-USD,2023-06-29,0.5831239819526672,0.5879740118980408,0.5831239819526672,0.5868840217590332,0.5868840217590332,2073044
INOFI USD,FON21711-USD,2023-06-30,0.5868600010871887,0.5895310044288635,0.5818439722061157,0.5857189893722534,0.5857189893722534,2066536
INOFI USD,FON21711-USD,2023-07-01,0.5857250094413757,0.5869510173797607,0.5822290182113647,0.5858960151672363,0.5858960151672363,1806504
INOFI USD,FON21711-USD,2023-07-02,0.585893988609314,0.5865499973297119,0.5834730267524719,0.5856670141220093,0.5856670141220093,1769421
INOFI USD,FON21711-USD,2023-07-03,0.5856419801712036,0.5887929797172546,0.585548996925354,0.5875800251960754,0.5875800251960754,3779620
INOFI USD,FON21711-USD,2023-07-04,0.5875639915466309,0.5882260203361511,0.583076000213623,0.5841550230979919,0.5841550230979919,3362833
INOFI USD,FON21711-USD,2023-07-05,0.5841770172119141,0.585273027420044,0.5823109745979309,0.5846070051193237,0.5846070051193237,3371587
INOFI USD,FON21711-USD,2023-07-06,0.5846089720726013,0.5882890224456787,0.5831850171089172,0.5832539796829224,0.5832539796829224,2869793
INOFI USD,FON21711-USD,2023-07-07,0.5832129716873169,0.5872009992599487,0.5803790092468262,0.5870850086212158,0.5870850086212158,2739520
INOFI USD,FON21711-USD,2023-07-08,0.5870540142059326,0.5874639749526978,0.584801971912384,0.5854330062866211,0.5854330062866211,2531002
INOFI USD,FON21711-USD,2023-07-09,0.5854439735412598,0.5864319801330566,0.5851709842681885,0.585241973400116,0.585241973400116,2667305
INOFI USD,FON21711-USD,2023-07-10,0.5852460265159607,0.5885739922523499,0.5843530297279358,0.5864289999008179,0.5864289999008179,3677332
INOFI USD,FON21711-USD,2023-07-11,0.5864670276641846,0.5878990292549133,0.5840539932250977,0.58645099401474,0.58645099401474,3435765
INOFI USD,FON21711-USD,2023-07-12,0.5864560008049011,0.5880879759788513,0.5840610265731812,0.584621012210846,0.584621012210846,3439494
INOFI USD,FON21711-USD,2023-07-13,0.5846160054206848,0.5898900032043457,0.5837270021438599,0.5889679789543152,0.5889679789543152,2972524
INOFI USD,FON21711-USD,2023-07-14,0.5889710187911987,0.5902910232543945,0.5761880278587341,0.5782449841499329,0.5782449841499329,3675158
INOFI USD,FON21711-USD,2023-07-15,0.5782359838485718,0.5873200297355652,0.5778049826622009,0.5861480236053467,0.5861480236053467,3173416
INOFI USD,FON21711-USD,2023-07-16,0.5861160159111023,0.5882909893989563,0.5852779746055603,0.5875430107116699,0.5875430107116699,2433452
INOFI USD,FON21711-USD,2023-07-17,0.5875489711761475,0.5883859992027283,0.5651450157165527,0.5848469734191895,0.5848469734191895,3050788
INOFI USD,FON21711-USD,2023-07-18,0.5848289728164673,0.58542400598526,0.5830680131912231,0.5840219855308533,0.5840219855308533,3109316
INOFI USD,FON21711-USD,2023-07-19,0.5840010046958923,0.5863829851150513,0.5838609933853149,0.5852659940719604,0.5852659940719604,2723065
INOFI USD,FON21711-USD,2023-07-20,0.5852869749069214,0.5866960287094116,0.5830870270729065,0.5845549702644348,0.5845549702644348,2705511
INOFI USD,FON21711-USD,2023-07-21,0.5845540165901184,0.599448025226593,0.5832599997520447,0.598343014717102,0.598343014717102,3820952
INOFI USD,FON21711-USD,2023-07-22,0.5983520150184631,0.6077470183372498,0.5976619720458984,0.6030330061912537,0.6030330061912537,3907209
INOFI USD,FON21711-USD,2023-07-23,0.6030460000038147,0.6079599857330322,0.6024190187454224,0.6068789958953857,0.6068789958953857,3385699
INOFI USD,FON21711-USD,2023-07-24,0.6068379878997803,0.6960030198097229,0.6027129888534546,0.6853770017623901,0.6853770017623901,4870746
INOFI USD,FON21711-USD,2023-07-25,0.6853839755058289,1.125635027885437,0.579006016254425,0.6311929821968079,0.6311929821968079,5092504
INOFI USD,FON21711-USD,2023-07-26,0.6312100291252136,0.6945739984512329,0.6305590271949768,0.6642510294914246,0.6642510294914246,3334403
INOFI USD,FON21711-USD,2023-07-27,0.6642429828643799,0.6660779714584351,0.6332039833068848,0.6333109736442566,0.6333109736442566,3226339
INOFI USD,FON21711-USD,2023-07-28,0.6332759857177734,0.666146993637085,0.633171021938324,0.666113018989563,0.666113018989563,2405577
INOFI USD,FON21711-USD,2023-07-29,0.6661189794540405,0.666329026222229,0.6447110176086426,0.6479039788246155,0.6479039788246155,2404909
INOFI USD,FON21711-USD,2023-07-30,0.6479089856147766,0.6480969786643982,0.6199210286140442,0.6225410103797913,0.6225410103797913,2100871
INOFI USD,FON21711-USD,2023-07-31,0.6224179863929749,0.6224179863929749,0.526718020439148,0.5268059968948364,0.5268059968948364,1911401
INOFI USD,FON21711-USD,2023-08-01,0.5268179774284363,0.6114410161972046,0.5267419815063477,0.6102589964866638,0.6102589964866638,1973865
INOFI USD,FON21711-USD,2023-08-02,0.6102390289306641,0.6106709837913513,0.5446950197219849,0.6077460050582886,0.6077460050582886,2586493
INOFI USD,FON21711-USD,2023-08-03,0.6077460050582886,0.6080340147018433,0.542792022228241,0.5429620146751404,0.5429620146751404,3242472
INOFI USD,FON21711-USD,2023-08-04,0.5429450273513794,0.5429450273513794,0.5349400043487549,0.5379480123519897,0.5379480123519897,4365905
INOFI USD,FON21711-USD,2023-08-05,0.5379509925842285,0.540107011795044,0.5360659956932068,0.5385749936103821,0.5385749936103821,4443604
INOFI USD,FON21711-USD,2023-08-06,0.5385820269584656,0.5399270057678223,0.5381900072097778,0.5386880040168762,0.5386880040168762,3710059
INOFI USD,FON21711-USD,2023-08-07,0.5386890172958374,0.5402389764785767,0.5364789962768555,0.5400909781455994,0.5400909781455994,4007302
INOFI USD,FON21711-USD,2023-08-08,0.5400760173797607,0.5436180233955383,0.5380300283432007,0.5410940051078796,0.5410940051078796,3710203
INOFI USD,FON21711-USD,2023-08-09,0.5410990118980408,0.5453029870986938,0.5331599712371826,0.5374320149421692,0.5374320149421692,3401495
INOFI USD,FON21711-USD,2023-08-10,0.5374580025672913,0.5420770049095154,0.5340459942817688,0.5392720103263855,0.5392720103263855,3132845
INOFI USD,FON21711-USD,2023-08-11,0.5392720103263855,0.5406010150909424,0.5379779934883118,0.5386019945144653,0.5386019945144653,2535676
INOFI USD,FON21711-USD,2023-08-12,0.5386000275611877,0.5387889742851257,0.5360940098762512,0.5367149710655212,0.5367149710655212,2225619
INOFI USD,FON21711-USD,2023-08-13,0.5367140173912048,0.5396919846534729,0.5366479754447937,0.5377960205078125,0.5377960205078125,2249997
INOFI USD,FON21711-USD,2023-08-14,0.53780198097229,0.5419009923934937,0.5359529852867126,0.5401210188865662,0.5401210188865662,1806552
INOFI USD,FON21711-USD,2023-08-15,0.5401319861412048,0.541113018989563,0.5354750156402588,0.5356060266494751,0.5356060266494751,1526224
INOFI USD,FON21711-USD,2023-08-16,0.5356069803237915,0.5372390151023865,0.5343559980392456,0.5345360040664673,0.5345360040664673,1671858
INOFI USD,FON21711-USD,2023-08-17,0.5345289707183838,0.5395230054855347,0.5223129987716675,0.5291569828987122,0.5291569828987122,1892086
INOFI USD,FON21711-USD,2023-08-18,0.529121994972229,0.5579169988632202,0.5278880000114441,0.5543479919433594,0.5543479919433594,1455946
INOFI USD,FON21711-USD,2023-08-19,0.5543659925460815,0.5600889921188354,0.5513899922370911,0.5572929978370667,0.5572929978370667,1498720
INOFI USD,FON21711-USD,2023-08-20,0.5572959780693054,0.5655699968338013,0.5570560097694397,0.5600410103797913,0.5600410103797913,1973157
INOFI USD,FON21711-USD,2023-08-21,0.5600169897079468,0.5601199865341187,0.5573599934577942,0.5590119957923889,0.5590119957923889,1965073
INOFI USD,FON21711-USD,2023-08-22,0.5590140223503113,0.561303973197937,0.5532690286636353,0.5586090087890625,0.5586090087890625,1964657
INOFI USD,FON21711-USD,2023-08-23,0.5586400032043457,0.5709159970283508,0.5570510029792786,0.5638239979743958,0.5638239979743958,1974743
INOFI USD,FON21711-USD,2023-08-24,0.5638129711151123,0.5668060183525085,0.5523290038108826,0.55730801820755,0.55730801820755,4729266
INOFI USD,FON21711-USD,2023-08-25,0.5572909712791443,0.5613430142402649,0.5550569891929626,0.5592899918556213,0.5592899918556213,6451410
INOFI USD,FON21711-USD,2023-08-26,0.5592889785766602,0.5628889799118042,0.558193027973175,0.5598019957542419,0.5598019957542419,5781621
INOFI USD,FON21711-USD,2023-08-27,0.5597900152206421,0.5619440078735352,0.5592280030250549,0.5611010193824768,0.5611010193824768,5674879
INOFI USD,FON21711-USD,2023-08-28,0.5611079931259155,0.5619029998779297,0.5579379796981812,0.5610160231590271,0.5610160231590271,5344367
INOFI USD,FON21711-USD,2023-08-29,0.561007022857666,0.5700719952583313,0.5588909983634949,0.5680879950523376,0.5680879950523376,4529666
INOFI USD,FON21711-USD,2023-08-30,0.5680490136146545,0.5770630240440369,0.5515369772911072,0.5552080273628235,0.5552080273628235,6558232
INOFI USD,FON21711-USD,2023-08-31,0.5551990270614624,0.5580729842185974,0.5457370281219482,0.5464450120925903,0.5464450120925903,7179236
INOFI USD,FON21711-USD,2023-09-01,0.546455979347229,0.5580649971961975,0.5447149872779846,0.5570470094680786,0.5570470094680786,9072857
INOFI USD,FON21711-USD,2023-09-02,0.5571600198745728,0.5620480179786682,0.5556970238685608,0.5610439777374268,0.5610439777374268,8057877
INOFI USD,FON21711-USD,2023-09-03,0.5610460042953491,0.562965989112854,0.5592420101165771,0.5617409944534302,0.5617409944534302,8771211
INOFI USD,FON21711-USD,2023-09-04,0.5617300271987915,0.5625159740447998,0.5568439960479736,0.5586640238761902,0.5586640238761902,8155736
INOFI USD,FON21711-USD,2023-09-05,0.5586699843406677,0.5605059862136841,0.5548040270805359,0.5591710209846497,0.5591710209846497,6913828
INOFI USD,FON21711-USD,2023-09-06,0.5591880083084106,0.5620869994163513,0.5563610196113586,0.5594890117645264,0.5594890117645264,6207371
INOFI USD,FON21711-USD,2023-09-07,0.5594990253448486,0.5640749931335449,0.5583959817886353,0.5621579885482788,0.5621579885482788,5054604
INOFI USD,FON21711-USD,2023-09-08,0.5621780157089233,0.5659189820289612,0.5596629977226257,0.5612890124320984,0.5612890124320984,5767675
INOFI USD,FON21711-USD,2023-09-09,0.5612900257110596,0.5612900257110596,0.5540260076522827,0.5576990246772766,0.5576990246772766,5901520
INOFI USD,FON21711-USD,2023-09-10,0.5577139854431152,0.5604959726333618,0.5576170086860657,0.5590779781341553,0.5590779781341553,5555210
INOFI USD,FON21711-USD,2023-09-11,0.5590839982032776,0.5602499842643738,0.5516160130500793,0.5531539916992188,0.5531539916992188,6399526
INOFI USD,FON21711-USD,2023-09-12,0.553305983543396,0.5705819725990295,0.5529159903526306,0.5679550170898438,0.5679550170898438,2800348
INOFI USD,FON21711-USD,2023-09-13,0.567995011806488,0.5680029988288879,0.5574889779090881,0.5619739890098572,0.5619739890098572,3311750
INOFI USD,FON21711-USD,2023-09-14,0.5619760751724243,0.5653870105743408,0.5611112713813782,0.5642539262771606,0.5642539262771606,2660741
INOFI USD,FON21711-USD,2023-09-15,0.563281774520874,0.5645508170127869,0.559794545173645,0.5635865330696106,0.5635865330696106,3197295
INOFI USD,FON21711-USD,2023-09-16,0.5572108030319214,0.5572628974914551,0.5572108030319214,0.5572628974914551,0.5572628974914551,2517620
INOFI USD,FON21711-USD,2023-09-17,0.5572108030319214,0.5629070997238159,0.5534343123435974,0.5593779683113098,0.5593779683113098,2808783
INOFI USD,FON21711-USD,2023-09-19,0.5629045367240906,0.5637284517288208,0.5531160831451416,0.5614569187164307,0.5614569187164307,2882691
INOFI USD,FON21711-USD,2023-09-18,0.5595459938049316,0.5681120157241821,0.5582879781723022,0.5629010200500488,0.5629010200500488,2948089
INOFI USD,FON21711-USD,2023-09-21,0.5546973943710327,0.5546973943710327,0.5537734627723694,0.5537734627723694,0.5537734627723694,4975541
INOFI USD,FON21711-USD,2023-09-22,0.5468854904174805,0.5471193194389343,0.5468854904174805,0.5471193194389343,0.5471193194389343,4563144
INOFI USD,FON21711-USD,2023-09-24,0.5479572415351868,0.5533258318901062,0.5336815714836121,0.5505709648132324,0.5505709648132324,1194135
INOFI USD,FON21711-USD,2023-09-20,0.5614809989929199,0.5660650134086609,0.5509790182113647,0.5547090172767639,0.5547090172767639,4961288
INOFI USD,FON21711-USD,2023-09-23,0.5567899942398071,0.5577290058135986,0.5434849858283997,0.5479599833488464,0.5479599833488464,1443372
INOFI USD,FON21711-USD,2023-09-25,0.5535399317741394,0.5535399317741394,0.5345327854156494,0.5505019426345825,0.5505019426345825,1190239
INOFI USD,FON21711-USD,2023-09-26,0.550420343875885,0.5580458045005798,0.5438031554222107,0.5538260340690613,0.5538260340690613,1011403
INOFI USD,FON21711-USD,2023-09-27,0.5538372993469238,0.5601053237915039,0.5526105761528015,0.5597928166389465,0.5597928166389465,1610153
INOFI USD,FON21711-USD,2023-09-28,0.5598832368850708,0.5613502264022827,0.5503047704696655,0.5544357299804688,0.5544357299804688,4272042
INOFI USD,FON21711-USD,2023-09-29,0.5544337630271912,0.5675211548805237,0.54975825548172,0.5560590028762817,0.5560590028762817,5445051
INOFI USD,FON21711-USD,2023-09-30,0.5545164942741394,0.556854248046875,0.5534025430679321,0.5559365749359131,0.5559365749359131,1439096
INOFI USD,FON21711-USD,2023-10-01,0.5559308528900146,0.5609886646270752,0.555854082107544,0.5604520440101624,0.5604520440101624,2979224
