Name,Symbol,Date,Open,High,Low,Close,Adj Close,Volume
ReddCoin USD,RDD-USD,2017-11-09,0.001122000045143,0.001302000018768,0.0010799999581649,0.001209000009112,0.001209000009112,1177340
ReddCoin USD,RDD-USD,2017-11-10,0.0012819999828934,0.0013060000492259,0.0009800000116229,0.000990999978967,0.000990999978967,746393
ReddCoin USD,RDD-USD,2017-11-11,0.0010509999701753,0.0010890000266954,0.0009449999779462,0.0010179999517276,0.0010179999517276,488123
ReddCoin USD,RDD-USD,2017-11-12,0.0010169999441131,0.0010280000278726,0.0008329999982379,0.0008810000144876,0.0008810000144876,583416
ReddCoin USD,RDD-USD,2017-11-13,0.0008820000221021,0.0010679999832063,0.0008740000193938,0.0009790000040084,0.0009790000040084,340337
ReddCoin USD,RDD-USD,2017-11-14,0.0010440000332891,0.0012379999971017,0.0009710000013001,0.0011230000527575,0.0011230000527575,2738760
ReddCoin USD,RDD-USD,2017-11-15,0.0011230000527575,0.0012039999710395,0.0010260000126436,0.0011620000004768,0.0011620000004768,1108540
ReddCoin USD,RDD-USD,2017-11-16,0.0011680000461637,0.0012690000003203,0.0010400000028312,0.0011790000135079,0.0011790000135079,1265180
ReddCoin USD,RDD-USD,2017-11-17,0.0011769999982789,0.0012839999981224,0.001005999976769,0.0010809999657794,0.0010809999657794,1319400
ReddCoin USD,RDD-USD,2017-11-18,0.0011520000407472,0.0011759999906644,0.0009980000322684,0.0010930000571534,0.0010930000571534,466378
ReddCoin USD,RDD-USD,2017-11-19,0.0011660000309348,0.0011680000461637,0.0010039999615401,0.0011249999515712,0.0011249999515712,402688
ReddCoin USD,RDD-USD,2017-11-20,0.0010470000561326,0.0011559999547898,0.0009840000420808,0.000990999978967,0.000990999978967,676891
ReddCoin USD,RDD-USD,2017-11-21,0.0009899999713525,0.0011429999722167,0.0009369999752379,0.0009730000165291,0.0009730000165291,589948
ReddCoin USD,RDD-USD,2017-11-22,0.0010539999930188,0.0011559999547898,0.0009759999811649,0.0010720000136643,0.0010720000136643,707296
ReddCoin USD,RDD-USD,2017-11-23,0.0010720000136643,0.0012369999894872,0.0010550000006332,0.0012059999862685,0.0012059999862685,1314890
ReddCoin USD,RDD-USD,2017-11-24,0.0012039999710395,0.0012379999971017,0.0010359999723732,0.0011530000483617,0.0011530000483617,827451
ReddCoin USD,RDD-USD,2017-11-25,0.0011500000255182,0.0012319999514147,0.0010649999603629,0.0011390000581741,0.0011390000581741,523048
ReddCoin USD,RDD-USD,2017-11-26,0.0012240000069141,0.0013310000067576,0.0011370000429451,0.0013030000263825,0.0013030000263825,522660
ReddCoin USD,RDD-USD,2017-11-27,0.001215000054799,0.0013610000023618,0.0011419999646022,0.0012669999850913,0.0012669999850913,925893
ReddCoin USD,RDD-USD,2017-11-28,0.0012679999927058,0.0013760000001639,0.0011660000309348,0.0011970000341534,0.0011970000341534,541741
ReddCoin USD,RDD-USD,2017-11-29,0.0011950000189244,0.0014090000186115,0.0010049999691545,0.0010679999832063,0.0010679999832063,1059710
ReddCoin USD,RDD-USD,2017-11-30,0.0010839999886229,0.0012799999676644,0.0009050000226125,0.0011020000092685,0.0011020000092685,555738
ReddCoin USD,RDD-USD,2017-12-01,0.0010959999635815,0.0012499999720603,0.0009510000236332,0.0010930000571534,0.0010930000571534,674677
ReddCoin USD,RDD-USD,2017-12-02,0.0011950000189244,0.0012219999916851,0.0010819999733939,0.0011980000417679,0.0011980000417679,358454
ReddCoin USD,RDD-USD,2017-12-03,0.001103000016883,0.00129799998831,0.0010770000517368,0.0011249999515712,0.0011249999515712,620908
ReddCoin USD,RDD-USD,2017-12-04,0.0012329999590292,0.0015040000434964,0.0011299999896436,0.0013989999424666,0.0013989999424666,1566390
ReddCoin USD,RDD-USD,2017-12-05,0.0015119999879971,0.0016319999704137,0.001388999982737,0.0015210000565275,0.0015210000565275,1591410
ReddCoin USD,RDD-USD,2017-12-06,0.001518000033684,0.0016459999606013,0.0012460000580176,0.0016459999606013,0.0016459999606013,1706450
ReddCoin USD,RDD-USD,2017-12-07,0.0016439999453723,0.0017940000398084,0.0013760000001639,0.0017290000105276,0.0017290000105276,2024320
ReddCoin USD,RDD-USD,2017-12-08,0.0015679999487474,0.0017859999788925,0.0012720000231638,0.0014710000250488,0.0014710000250488,1097550
ReddCoin USD,RDD-USD,2017-12-09,0.0016220000106841,0.0016599999507889,0.0012619999470189,0.001496999990195,0.001496999990195,1102540
ReddCoin USD,RDD-USD,2017-12-10,0.0015030000358819,0.0016299999551847,0.0011940000113099,0.0015320000238716,0.0015320000238716,750447
ReddCoin USD,RDD-USD,2017-12-11,0.0015219999477267,0.0017470000311732,0.0013830000534653,0.0016649999888613,0.0016649999888613,532787
ReddCoin USD,RDD-USD,2017-12-12,0.0015190000412985,0.0017699999734759,0.0013460000045597,0.0017180000431835,0.0017180000431835,1426780
ReddCoin USD,RDD-USD,2017-12-13,0.001719000050798,0.0017379999626427,0.0014489999739453,0.0016339999856427,0.0016339999856427,939991
ReddCoin USD,RDD-USD,2017-12-14,0.0014819999923929,0.0018459999701008,0.0014619999565184,0.0018119999440386,0.0018119999440386,2361400
ReddCoin USD,RDD-USD,2017-12-15,0.0018139999592676,0.0018629999831318,0.0015460000140592,0.0017559999832883,0.0017559999832883,1228770
ReddCoin USD,RDD-USD,2017-12-16,0.0015989999519661,0.0027429999317973,0.0015770000172778,0.0027240000199526,0.0027240000199526,12212500
ReddCoin USD,RDD-USD,2017-12-17,0.0027250000275671,0.0034839999862015,0.0024969999212771,0.002864999929443,0.002864999929443,21482700
ReddCoin USD,RDD-USD,2017-12-18,0.0028770000208169,0.0030559999868273,0.0024619998876005,0.0028860000893473,0.0028860000893473,7872790
ReddCoin USD,RDD-USD,2017-12-19,0.0028820000588893,0.0036100000143051,0.0026640000287443,0.0031820000149309,0.0031820000149309,13528700
ReddCoin USD,RDD-USD,2017-12-20,0.0033460000995546,0.0104109998792409,0.0026459998916834,0.0087099997326731,0.0087099997326731,148392000
ReddCoin USD,RDD-USD,2017-12-21,0.0090610003098845,0.0140890004113316,0.0080350004136562,0.0100490003824234,0.0100490003824234,184486000
ReddCoin USD,RDD-USD,2017-12-22,0.0102350004017353,0.0102350004017353,0.0048259999603033,0.0079469997435808,0.0079469997435808,58049300
ReddCoin USD,RDD-USD,2017-12-23,0.0082769999280571,0.0129429996013641,0.0080760000273585,0.0102840000763535,0.0102840000763535,77540400
ReddCoin USD,RDD-USD,2017-12-24,0.0101250000298023,0.0191559996455907,0.0091340001672506,0.0153459999710321,0.0153459999710321,174616992
ReddCoin USD,RDD-USD,2017-12-25,0.0161620005965232,0.0225770007818937,0.0124599998816847,0.0136709995567798,0.0136709995567798,158042000
ReddCoin USD,RDD-USD,2017-12-26,0.0135469995439052,0.0171179994940757,0.0119179999455809,0.0158580001443624,0.0158580001443624,90064096
ReddCoin USD,RDD-USD,2017-12-27,0.01613499969244,0.01613499969244,0.0124819995835423,0.0127609996125102,0.0127609996125102,44206000
ReddCoin USD,RDD-USD,2017-12-28,0.0128760002553462,0.0128769995644688,0.0094020003452897,0.0108789997175335,0.0108789997175335,34008100
ReddCoin USD,RDD-USD,2017-12-29,0.0107349995523691,0.0118680000305175,0.0096270004287362,0.0106109995394945,0.0106109995394945,29663400
ReddCoin USD,RDD-USD,2017-12-30,0.0104499999433755,0.0106739997863769,0.008648999966681,0.0088910004124045,0.0088910004124045,14883000
ReddCoin USD,RDD-USD,2017-12-31,0.0087869996204972,0.0117189995944499,0.0085890004411339,0.0115459999069571,0.0115459999069571,30462400
ReddCoin USD,RDD-USD,2018-01-01,0.0115860002115368,0.0122260004281997,0.0101340003311634,0.0101340003311634,0.0101340003311634,27199400
ReddCoin USD,RDD-USD,2018-01-02,0.0102629996836185,0.0132860001176595,0.0096249999478459,0.0130799999460577,0.0130799999460577,35460200
ReddCoin USD,RDD-USD,2018-01-03,0.0130270002409815,0.0200939998030662,0.0124329999089241,0.0180559996515512,0.0180559996515512,135084000
ReddCoin USD,RDD-USD,2018-01-04,0.0180110000073909,0.0213450007140636,0.017952999100089,0.0194600000977516,0.0194600000977516,79646304
ReddCoin USD,RDD-USD,2018-01-05,0.0191380009055137,0.0209979992359876,0.0157709997147321,0.0187110006809234,0.0187110006809234,69929000
ReddCoin USD,RDD-USD,2018-01-06,0.0188570003956556,0.0296349991112947,0.0188289992511272,0.0292559992522001,0.0292559992522001,86278800
ReddCoin USD,RDD-USD,2018-01-07,0.0292089991271495,0.0323910005390644,0.0259419996291399,0.0262969993054866,0.0262969993054866,99560704
ReddCoin USD,RDD-USD,2018-01-08,0.0255059991031885,0.0280920006334781,0.0210270006209611,0.0253539998084306,0.0253539998084306,45192300
ReddCoin USD,RDD-USD,2018-01-09,0.0252679996192455,0.0255720000714063,0.0218609999865293,0.0219420008361339,0.0219420008361339,27157200
ReddCoin USD,RDD-USD,2018-01-10,0.0220359992235898,0.023344000801444,0.0179929994046688,0.0230000000447034,0.0230000000447034,35833800
ReddCoin USD,RDD-USD,2018-01-11,0.0231139995157718,0.0232149995863437,0.0174160003662109,0.0186219997704029,0.0186219997704029,21120000
ReddCoin USD,RDD-USD,2018-01-12,0.0186410006135702,0.0204240009188652,0.0178280007094144,0.0195380002260208,0.0195380002260208,13342500
ReddCoin USD,RDD-USD,2018-01-13,0.0196499992161989,0.0219609998166561,0.0195179991424083,0.0210950002074241,0.0210950002074241,16441400
ReddCoin USD,RDD-USD,2018-01-14,0.0208540000021457,0.0211180001497268,0.0177689995616674,0.0186129994690418,0.0186129994690418,10141800
ReddCoin USD,RDD-USD,2018-01-15,0.0185039993375539,0.0191690009087324,0.0148879997432231,0.0152380000799894,0.0152380000799894,13581600
ReddCoin USD,RDD-USD,2018-01-16,0.0151580004021525,0.0151930004358291,0.0083440002053976,0.0109080001711845,0.0109080001711845,22247000
ReddCoin USD,RDD-USD,2018-01-17,0.0105259995907545,0.0127680003643035,0.0078619997948408,0.0120580000802874,0.0120580000802874,16040600
ReddCoin USD,RDD-USD,2018-01-18,0.0124300001189112,0.0168789997696876,0.0118279997259378,0.0154670001938939,0.0154670001938939,20949900
ReddCoin USD,RDD-USD,2018-01-19,0.0152030000463128,0.0161029994487762,0.0132210003212094,0.014113999903202,0.014113999903202,10762700
ReddCoin USD,RDD-USD,2018-01-20,0.0143719995394349,0.015281000174582,0.013841999694705,0.0139110004529356,0.0139110004529356,7202110
ReddCoin USD,RDD-USD,2018-01-21,0.014050000347197,0.0147110000252723,0.0112669998779892,0.0116060003638267,0.0116060003638267,5847200
ReddCoin USD,RDD-USD,2018-01-22,0.0116379996761679,0.0127680003643035,0.0096829999238252,0.0109679996967315,0.0109679996967315,5704550
ReddCoin USD,RDD-USD,2018-01-23,0.0109219998121261,0.0119049996137619,0.0101009998470544,0.0109390001744031,0.0109390001744031,3968120
ReddCoin USD,RDD-USD,2018-01-24,0.010941999964416,0.0115729998797178,0.0105649996548891,0.0111339995637536,0.0111339995637536,3006670
ReddCoin USD,RDD-USD,2018-01-25,0.0112870000302791,0.0115160001441836,0.0101939998567104,0.0106199998408555,0.0106199998408555,4822310
ReddCoin USD,RDD-USD,2018-01-26,0.0104959998279809,0.01201600022614,0.0097549995407462,0.0119770001620054,0.0119770001620054,5025740
ReddCoin USD,RDD-USD,2018-01-27,0.0117979999631643,0.012703999876976,0.0111720003187656,0.0118429996073246,0.0118429996073246,6767200
ReddCoin USD,RDD-USD,2018-01-28,0.0118920002132654,0.0124180000275373,0.0116410003975033,0.0118230003863573,0.0118230003863573,3276890
ReddCoin USD,RDD-USD,2018-01-29,0.0117300003767013,0.0119139999151229,0.010785000398755,0.0108930002897977,0.0108930002897977,2658930
ReddCoin USD,RDD-USD,2018-01-30,0.0110820000991225,0.0110820000991225,0.00917199999094,0.0093029998242855,0.0093029998242855,3362160
ReddCoin USD,RDD-USD,2018-01-31,0.0092320004478096,0.0095549998804926,0.0085829999297857,0.0088430000469088,0.0088430000469088,4339240
ReddCoin USD,RDD-USD,2018-02-01,0.0089670000597834,0.0093660000711679,0.0066530001349747,0.0073770000599324,0.0073770000599324,3682130
ReddCoin USD,RDD-USD,2018-02-02,0.0073529998771846,0.0076150000095367,0.0052410000935196,0.0072780000045895,0.0072780000045895,4880270
ReddCoin USD,RDD-USD,2018-02-03,0.0073069999925792,0.0081120003014802,0.0063970000483095,0.0076480000279843,0.0076480000279843,5781240
ReddCoin USD,RDD-USD,2018-02-04,0.0076890001073479,0.0079300003126263,0.0062130000442266,0.006628000177443,0.006628000177443,2791290
ReddCoin USD,RDD-USD,2018-02-05,0.0064829997718334,0.0066740000620484,0.0047909999266266,0.0050550000742077,0.0050550000742077,2641780
ReddCoin USD,RDD-USD,2018-02-06,0.0050550000742077,0.0062950002029538,0.0041800001636147,0.0062040002085268,0.0062040002085268,3339890
ReddCoin USD,RDD-USD,2018-02-07,0.0061499997973442,0.0069340001791715,0.0054190000519156,0.0058630001731216,0.0058630001731216,2679380
ReddCoin USD,RDD-USD,2018-02-08,0.005901999771595,0.0068069999106228,0.005824000108987,0.0061380001716315,0.0061380001716315,3182880
ReddCoin USD,RDD-USD,2018-02-09,0.0061090001836419,0.0068500000052154,0.0057040001265704,0.0066789998672902,0.0066789998672902,2060010
ReddCoin USD,RDD-USD,2018-02-10,0.0066209998913109,0.0071430001407861,0.0061769997701048,0.0065029999241232,0.0065029999241232,2007490
ReddCoin USD,RDD-USD,2018-02-11,0.0065060001797974,0.0065500000491738,0.0057500000111758,0.0060490001924335,0.0060490001924335,994505
ReddCoin USD,RDD-USD,2018-02-12,0.0061539998278021,0.0068939998745918,0.0060669998638331,0.0067500001750886,0.0067500001750886,1117430
ReddCoin USD,RDD-USD,2018-02-13,0.0067560002207756,0.0067870002239942,0.0063240001909434,0.0064880000427365,0.0064880000427365,1128910
ReddCoin USD,RDD-USD,2018-02-14,0.0064699999056756,0.0078170001506805,0.006430999841541,0.0076680001802742,0.0076680001802742,3425160
ReddCoin USD,RDD-USD,2018-02-15,0.0076740002259612,0.0081620002165436,0.0074950000271201,0.008097999729216,0.008097999729216,2075020
ReddCoin USD,RDD-USD,2018-02-16,0.0080700004473328,0.0082059996202588,0.0075280000455677,0.0078450003638863,0.0078450003638863,1673010
ReddCoin USD,RDD-USD,2018-02-17,0.007759999949485,0.0083919996395707,0.0076509998179972,0.0081989997997879,0.0081989997997879,2008600
ReddCoin USD,RDD-USD,2018-02-18,0.0082170004025101,0.0084950001910328,0.0073620001785457,0.0075190002098679,0.0075190002098679,1599690
ReddCoin USD,RDD-USD,2018-02-19,0.0073810000903904,0.0079680001363158,0.0073609999381005,0.0074840001761913,0.0074840001761913,1471970
ReddCoin USD,RDD-USD,2018-02-20,0.007594000082463,0.0120660001412034,0.0071000000461936,0.0098789995536208,0.0098789995536208,112243000
ReddCoin USD,RDD-USD,2018-02-21,0.0100360000506043,0.0110240001231431,0.0088759995996952,0.0095330001786351,0.0095330001786351,54710800
ReddCoin USD,RDD-USD,2018-02-22,0.0094779999926686,0.0100069995969533,0.0083510000258684,0.0085739996284246,0.0085739996284246,17764100
ReddCoin USD,RDD-USD,2018-02-23,0.0086209997534751,0.0103409998118877,0.0079870000481605,0.0098510002717375,0.0098510002717375,34756000
ReddCoin USD,RDD-USD,2018-02-24,0.0096389995887875,0.0110860001295804,0.0095790000632405,0.0106769995763897,0.0106769995763897,43162400
ReddCoin USD,RDD-USD,2018-02-25,0.0106079997494816,0.0119439996778965,0.0095210000872612,0.0100560002028942,0.0100560002028942,63700100
ReddCoin USD,RDD-USD,2018-02-26,0.0100260004401206,0.010882000438869,0.0097920000553131,0.0101770004257559,0.0101770004257559,28506700
ReddCoin USD,RDD-USD,2018-02-27,0.0101039996370673,0.0101039996370673,0.0093019995838403,0.0096060000360012,0.0096060000360012,17084900
ReddCoin USD,RDD-USD,2018-02-28,0.0094919996336102,0.0095020001754164,0.0082520004361867,0.0082520004361867,0.0082520004361867,15891700
ReddCoin USD,RDD-USD,2018-03-01,0.00836499966681,0.0096880001947283,0.0082270000129938,0.0092299999669194,0.0092299999669194,35645000
ReddCoin USD,RDD-USD,2018-03-02,0.0091150002554059,0.0093740001320838,0.0085610002279281,0.0090490002185106,0.0090490002185106,20675300
ReddCoin USD,RDD-USD,2018-03-03,0.0090359998866915,0.0092089995741844,0.0084760002791881,0.0087090004235506,0.0087090004235506,10437600
ReddCoin USD,RDD-USD,2018-03-04,0.0086960000917315,0.0091099999845027,0.0082459999248385,0.0085140001028776,0.0085140001028776,6578360
ReddCoin USD,RDD-USD,2018-03-05,0.0085690002888441,0.0093769999220967,0.0083699999377131,0.0086549995467066,0.0086549995467066,14230400
ReddCoin USD,RDD-USD,2018-03-06,0.0086300000548362,0.0087409997358918,0.0078649995848536,0.0079450001940131,0.0079450001940131,4866980
ReddCoin USD,RDD-USD,2018-03-07,0.0079340003430843,0.0081519996747374,0.0064300000667572,0.0069340001791715,0.0069340001791715,8351070
ReddCoin USD,RDD-USD,2018-03-08,0.0068299998529255,0.0071100001223385,0.0062150000594556,0.0065529998391866,0.0065529998391866,4870290
ReddCoin USD,RDD-USD,2018-03-09,0.0064659998752176,0.0065709999762475,0.0053929998539388,0.0062049999833106,0.0062049999833106,5577150
ReddCoin USD,RDD-USD,2018-03-10,0.0062060002237558,0.0067159999161958,0.0059380000457167,0.0060350000858306,0.0060350000858306,2795000
ReddCoin USD,RDD-USD,2018-03-11,0.0060140001587569,0.0067989998497068,0.0057339998893439,0.0066189998760819,0.0066189998760819,2064370
ReddCoin USD,RDD-USD,2018-03-12,0.0066450000740587,0.0070839999243617,0.0059930002316832,0.0064030000939965,0.0064030000939965,3838560
ReddCoin USD,RDD-USD,2018-03-13,0.0062799998559057,0.0070710000582039,0.0061260000802576,0.0066800001077353,0.0066800001077353,5435030
ReddCoin USD,RDD-USD,2018-03-14,0.0067270002327859,0.0067870002239942,0.0053690001368522,0.0055880001746118,0.0055880001746118,4728660
ReddCoin USD,RDD-USD,2018-03-15,0.0055829999037086,0.005656000226736,0.005040000192821,0.0054540000855922,0.0054540000855922,5217570
ReddCoin USD,RDD-USD,2018-03-16,0.0054509998299181,0.0056400001049041,0.0051930001936852,0.0052229999564588,0.0052229999564588,2401610
ReddCoin USD,RDD-USD,2018-03-17,0.0052280002273619,0.0054170000366866,0.0046810000203549,0.0047880001366138,0.0047880001366138,3318220
ReddCoin USD,RDD-USD,2018-03-18,0.0047749998047947,0.0048190001398324,0.0037390000652521,0.0046899998560547,0.0046899998560547,5152360
ReddCoin USD,RDD-USD,2018-03-19,0.0047479998320341,0.005814999807626,0.0045320000499486,0.0054560001008212,0.0054560001008212,6836500
ReddCoin USD,RDD-USD,2018-03-20,0.0054759997874498,0.0059079998172819,0.005040000192821,0.005638999864459,0.005638999864459,4703740
ReddCoin USD,RDD-USD,2018-03-21,0.0056920000351965,0.0060609998181462,0.0054739997722208,0.0056110001169145,0.0056110001169145,4369540
ReddCoin USD,RDD-USD,2018-03-22,0.0055149998515844,0.0057009998708963,0.0050470000132918,0.0053900000639259,0.0053900000639259,2974940
ReddCoin USD,RDD-USD,2018-03-23,0.0053909998387098,0.005462999921292,0.0048569999635219,0.0050090001896023,0.0050090001896023,3055880
ReddCoin USD,RDD-USD,2018-03-24,0.0050809998065233,0.0054509998299181,0.0049749999307096,0.0050869998522102,0.0050869998522102,4191050
ReddCoin USD,RDD-USD,2018-03-25,0.0051009999588131,0.0054620001465082,0.0048949997872114,0.0053190002217888,0.0053190002217888,5070130
ReddCoin USD,RDD-USD,2018-03-26,0.0052760001271963,0.0053440001793205,0.0044780001044273,0.00467099994421,0.00467099994421,3466800
ReddCoin USD,RDD-USD,2018-03-27,0.0046979999169707,0.004836999811232,0.0043689999729394,0.0043689999729394,0.0043689999729394,2606590
ReddCoin USD,RDD-USD,2018-03-28,0.0044049997813999,0.0046939998865127,0.0043440000154078,0.0045250002294778,0.0045250002294778,1788720
ReddCoin USD,RDD-USD,2018-03-29,0.0045320000499486,0.0045830002054572,0.0040070000104606,0.0040959999896585,0.0040959999896585,2120310
ReddCoin USD,RDD-USD,2018-03-30,0.0040859999135136,0.004137999843806,0.0036289999261498,0.0039079999551177,0.0039079999551177,2245570
ReddCoin USD,RDD-USD,2018-03-31,0.0039090001955628,0.004133999813348,0.0038419999182224,0.0039039999246597,0.0039039999246597,1281040
ReddCoin USD,RDD-USD,2018-04-01,0.0039039999246597,0.0040230001322925,0.0034330000635236,0.003654999891296,0.003654999891296,1886120
ReddCoin USD,RDD-USD,2018-04-02,0.003707000054419,0.0044459998607635,0.0036520001012831,0.004240000154823,0.004240000154823,9534640
ReddCoin USD,RDD-USD,2018-04-03,0.0042779999785125,0.0047840001061558,0.0040790000930428,0.0045639998279511,0.0045639998279511,7010810
ReddCoin USD,RDD-USD,2018-04-04,0.0045670000836253,0.0045940000563859,0.0039079999551177,0.0040190001018345,0.0040190001018345,2142940
ReddCoin USD,RDD-USD,2018-04-05,0.0040210001170635,0.0040299999527633,0.0037100000772625,0.0039429999887943,0.0039429999887943,3179550
ReddCoin USD,RDD-USD,2018-04-06,0.0039229998365044,0.0040070000104606,0.0037479999009519,0.0038300000596791,0.0038300000596791,1677020
ReddCoin USD,RDD-USD,2018-04-07,0.0038980001118034,0.0040899999439716,0.0038290000520646,0.0039909998886287,0.0039909998886287,1277530
ReddCoin USD,RDD-USD,2018-04-08,0.0039949999190866,0.0041789999231696,0.0039440002292394,0.0039989999495446,0.0039989999495446,1361990
ReddCoin USD,RDD-USD,2018-04-09,0.0040420000441372,0.0043480000458657,0.0038370001129806,0.0040110000409185,0.0040110000409185,3293900
ReddCoin USD,RDD-USD,2018-04-10,0.0039840000681579,0.0047010001726448,0.0038999998942017,0.0045889997854828,0.0045889997854828,6180170
ReddCoin USD,RDD-USD,2018-04-11,0.004592000041157,0.0061189997941255,0.0044959997758269,0.004945000167936,0.004945000167936,41567900
ReddCoin USD,RDD-USD,2018-04-12,0.0049330000765621,0.0055760000832378,0.0046009998768568,0.0055340002290904,0.0055340002290904,13661100
ReddCoin USD,RDD-USD,2018-04-13,0.0054239998571574,0.0058699999935925,0.0052229999564588,0.0054259998723864,0.0054259998723864,9442330
ReddCoin USD,RDD-USD,2018-04-14,0.005462999921292,0.0061039999127388,0.0053590000607073,0.005832000169903,0.005832000169903,12779700
ReddCoin USD,RDD-USD,2018-04-15,0.0057589998468756,0.0062339999713003,0.005719999782741,0.006173999980092,0.006173999980092,5438940
ReddCoin USD,RDD-USD,2018-04-16,0.0061690001748502,0.0062819998711347,0.0056190001778304,0.0058659999631345,0.0058659999631345,5000140
ReddCoin USD,RDD-USD,2018-04-17,0.0057919998653233,0.006095000077039,0.0056019998155534,0.0057580000720918,0.0057580000720918,9472760
ReddCoin USD,RDD-USD,2018-04-18,0.0058010001666843,0.0074319997802376,0.0057669999077916,0.0073429998010396,0.0073429998010396,45576500
ReddCoin USD,RDD-USD,2018-04-19,0.0073839998804032,0.0083320001140236,0.0071470001712441,0.0079709999263286,0.0079709999263286,57078200
ReddCoin USD,RDD-USD,2018-04-20,0.0078990003094077,0.0080989999696612,0.0074869999662041,0.0079539995640516,0.0079539995640516,22908200
ReddCoin USD,RDD-USD,2018-04-21,0.0079560000449419,0.0079880002886056,0.0070170001126825,0.0075449999421834,0.0075449999421834,12738700
ReddCoin USD,RDD-USD,2018-04-22,0.0074999998323619,0.0082470001652836,0.007311999797821,0.0077410000376403,0.0077410000376403,13952600
ReddCoin USD,RDD-USD,2018-04-23,0.007679000031203,0.0080099999904632,0.007679000031203,0.007842999882996,0.007842999882996,8674660
ReddCoin USD,RDD-USD,2018-04-24,0.0078499997034668,0.0086869997903704,0.0076649999246001,0.0083969999104738,0.0083969999104738,28520500
ReddCoin USD,RDD-USD,2018-04-25,0.0083400001749396,0.0084220003336668,0.0069109997712075,0.0071209999732673,0.0071209999732673,17286600
ReddCoin USD,RDD-USD,2018-04-26,0.0071800001896917,0.0083469999954104,0.0068339998833835,0.0081679997965693,0.0081679997965693,17671200
ReddCoin USD,RDD-USD,2018-04-27,0.0082320002838969,0.0094170002266764,0.0081080002710223,0.0083189997822046,0.0083189997822046,42849100
ReddCoin USD,RDD-USD,2018-04-28,0.0083790002390742,0.0092730000615119,0.0083349999040365,0.0088369995355606,0.0088369995355606,19403800
ReddCoin USD,RDD-USD,2018-04-29,0.0088339997455477,0.0093989996239542,0.0082849999889731,0.0091199995949864,0.0091199995949864,30041400
ReddCoin USD,RDD-USD,2018-04-30,0.0090239997953176,0.0094269998371601,0.0087949996814131,0.0089520001783967,0.0089520001783967,20032100
ReddCoin USD,RDD-USD,2018-05-01,0.0090509997680783,0.0090509997680783,0.0083760004490613,0.0089090000838041,0.0089090000838041,15626500
ReddCoin USD,RDD-USD,2018-05-02,0.0088440002873539,0.0109059996902942,0.0087649999186396,0.0101410001516342,0.0101410001516342,84687600
ReddCoin USD,RDD-USD,2018-05-03,0.0100499996915459,0.0110139995813369,0.0098580000922083,0.0109609998762607,0.0109609998762607,57020200
ReddCoin USD,RDD-USD,2018-05-04,0.0109569998458027,0.0114789996296167,0.0105969998985528,0.0108580002561211,0.0108580002561211,32100500
ReddCoin USD,RDD-USD,2018-05-05,0.010852999985218,0.0109769999980926,0.0103399995714426,0.0105060003697872,0.0105060003697872,18003100
ReddCoin USD,RDD-USD,2018-05-06,0.0104160001501441,0.0106030004099011,0.0096060000360012,0.0100840004161,0.0100840004161,14813300
ReddCoin USD,RDD-USD,2018-05-07,0.0101859997957944,0.0101859997957944,0.0092850001528859,0.0097589995712041,0.0097589995712041,12488100
ReddCoin USD,RDD-USD,2018-05-08,0.009778999723494,0.0101209999993443,0.009345999918878,0.0097169997170567,0.0097169997170567,12751100
ReddCoin USD,RDD-USD,2018-05-09,0.0097380001097917,0.0097549995407462,0.0090389996767044,0.0096730003133416,0.0096730003133416,13543500
ReddCoin USD,RDD-USD,2018-05-10,0.0096709998324513,0.0098350001499056,0.0086080003529787,0.0086679998785257,0.0086679998785257,17357500
ReddCoin USD,RDD-USD,2018-05-11,0.0085990000516176,0.0089050000533461,0.006794000044465,0.0075799999758601,0.0075799999758601,34823300
ReddCoin USD,RDD-USD,2018-05-12,0.0075579998083412,0.0077749998308718,0.0068479999899864,0.0074609997682273,0.0074609997682273,12855700
ReddCoin USD,RDD-USD,2018-05-13,0.007412000093609,0.0082299998030066,0.007317999843508,0.0080880001187324,0.0080880001187324,8873980
ReddCoin USD,RDD-USD,2018-05-14,0.0080869998782873,0.0096800001338124,0.0075819999910891,0.0086549995467066,0.0086549995467066,35725800
ReddCoin USD,RDD-USD,2018-05-15,0.0086300000548362,0.009290000423789,0.0081970002502202,0.0082790004089474,0.0082790004089474,17148900
ReddCoin USD,RDD-USD,2018-05-16,0.0082740001380443,0.0083219995722174,0.0074849999509751,0.0081850001588463,0.0081850001588463,13307900
ReddCoin USD,RDD-USD,2018-05-17,0.0081559997051954,0.0082350000739097,0.0072360001504421,0.0073449998162686,0.0073449998162686,7098640
ReddCoin USD,RDD-USD,2018-05-18,0.0073069999925792,0.0077470000833272,0.0070070000365376,0.0076170000247657,0.0076170000247657,6355350
ReddCoin USD,RDD-USD,2018-05-19,0.0076620001345872,0.0077689997851848,0.0073859998956322,0.0076600001193583,0.0076600001193583,3489160
ReddCoin USD,RDD-USD,2018-05-20,0.0076669999398291,0.0079800002276897,0.007418000139296,0.0078349998220801,0.0078349998220801,4797170
ReddCoin USD,RDD-USD,2018-05-21,0.0077610001899302,0.0078499997034668,0.007400999777019,0.0075719999149441,0.0075719999149441,5013380
ReddCoin USD,RDD-USD,2018-05-22,0.0076069999486207,0.0076069999486207,0.006885000038892,0.006972000002861,0.006972000002861,5392830
ReddCoin USD,RDD-USD,2018-05-23,0.0070009999908506,0.00705899996683,0.0061420002020895,0.0062600001692771,0.0062600001692771,7123230
ReddCoin USD,RDD-USD,2018-05-24,0.0062449998222291,0.0071629998274147,0.0061119999736547,0.006794000044465,0.006794000044465,11734900
ReddCoin USD,RDD-USD,2018-05-25,0.0068069999106228,0.0069579998962581,0.0064770001918077,0.0066550001502037,0.0066550001502037,4438680
ReddCoin USD,RDD-USD,2018-05-26,0.0066829998977482,0.0070839999243617,0.0065589998848736,0.0066740000620484,0.0066740000620484,3165840
ReddCoin USD,RDD-USD,2018-05-27,0.0066760000772774,0.0067870002239942,0.0065120002254843,0.0065379999577999,0.0065379999577999,1759510
ReddCoin USD,RDD-USD,2018-05-28,0.0065720002166926,0.006622000131756,0.0059050000272691,0.0060149999335408,0.0060149999335408,3691640
ReddCoin USD,RDD-USD,2018-05-29,0.0060499999672174,0.0066840001381933,0.0059310002252459,0.0064889998175203,0.0064889998175203,3199300
ReddCoin USD,RDD-USD,2018-05-30,0.0064940000884234,0.0067079998552799,0.0061429999768733,0.0062770000658929,0.0062770000658929,2896470
ReddCoin USD,RDD-USD,2018-05-31,0.0063089998438954,0.006521999835968,0.006173999980092,0.0062899999320507,0.0062899999320507,2152690
ReddCoin USD,RDD-USD,2018-06-01,0.0062939999625086,0.0064509999938309,0.0060569997876882,0.006167999934405,0.006167999934405,2286380
ReddCoin USD,RDD-USD,2018-06-02,0.0062040002085268,0.0065040001645684,0.0061349999159574,0.0064869998022913,0.0064869998022913,2349290
ReddCoin USD,RDD-USD,2018-06-03,0.0064530000090599,0.0067079998552799,0.0064090001396834,0.0065489998087286,0.0065489998087286,2517440
ReddCoin USD,RDD-USD,2018-06-04,0.0065529998391866,0.0065720002166926,0.0061389999464154,0.0062230001203715,0.0062230001203715,1922220
ReddCoin USD,RDD-USD,2018-06-05,0.0061889998614788,0.0066249999217689,0.0060859997756779,0.0065580001100897,0.0065580001100897,2651970
ReddCoin USD,RDD-USD,2018-06-06,0.006630000192672,0.006965999957174,0.0065290001221001,0.006885000038892,0.006885000038892,3997020
ReddCoin USD,RDD-USD,2018-06-07,0.006965999957174,0.007048999890685,0.0065899998880922,0.0066800001077353,0.0066800001077353,3454850
ReddCoin USD,RDD-USD,2018-06-08,0.0066849999129772,0.0068339998833835,0.0065069999545812,0.0067139999009668,0.0067139999009668,1843750
ReddCoin USD,RDD-USD,2018-06-09,0.0067119998857378,0.0068350001238286,0.0065950001589953,0.0065950001589953,0.0065950001589953,1154610
ReddCoin USD,RDD-USD,2018-06-10,0.0065649999305605,0.0065649999305605,0.0055729998275637,0.0056819999590516,0.0056819999590516,3182410
ReddCoin USD,RDD-USD,2018-06-11,0.0056549999862909,0.0058849998749792,0.0055430000647902,0.0058550001122057,0.0058550001122057,2756600
ReddCoin USD,RDD-USD,2018-06-12,0.0057850000448524,0.00583800021559,0.0050929998978972,0.0051239999011158,0.0051239999011158,2499340
ReddCoin USD,RDD-USD,2018-06-13,0.0051679997704923,0.0052939997985959,0.004313999786973,0.0046780002303421,0.0046780002303421,4068380
ReddCoin USD,RDD-USD,2018-06-14,0.0046450002118945,0.0052780001424252,0.0045420001260936,0.0051899999380111,0.0051899999380111,4467320
ReddCoin USD,RDD-USD,2018-06-15,0.0052129998803138,0.0053530000150203,0.0049749999307096,0.0049979998730123,0.0049979998730123,2700840
ReddCoin USD,RDD-USD,2018-06-16,0.0049800002016127,0.005214000120759,0.004931999836117,0.0051429998129606,0.0051429998129606,976766
ReddCoin USD,RDD-USD,2018-06-17,0.0051560001447796,0.0058809998445212,0.0050789997912943,0.0057810000143945,0.0057810000143945,3934460
ReddCoin USD,RDD-USD,2018-06-18,0.0057270000688731,0.0063280002214014,0.0055940002202987,0.0063280002214014,0.0063280002214014,6041440
ReddCoin USD,RDD-USD,2018-06-19,0.0063240001909434,0.0063240001909434,0.0059139998629689,0.0060760001651942,0.0060760001651942,3222800
ReddCoin USD,RDD-USD,2018-06-20,0.0061119999736547,0.0063450001180171,0.0057000000961124,0.0063450001180171,0.0063450001180171,5466440
ReddCoin USD,RDD-USD,2018-06-21,0.006345999892801,0.0064900000579655,0.0059059998020529,0.0060479999519884,0.0060479999519884,3724760
ReddCoin USD,RDD-USD,2018-06-22,0.0060419999063014,0.0061130002140998,0.0051679997704923,0.0052379998378455,0.0052379998378455,2651730
ReddCoin USD,RDD-USD,2018-06-23,0.0052649998106062,0.0056179999373853,0.005214000120759,0.0054910001344978,0.0054910001344978,1273140
ReddCoin USD,RDD-USD,2018-06-24,0.005549999885261,0.005549999885261,0.0048980000428855,0.0054489998146891,0.0054489998146891,2195760
ReddCoin USD,RDD-USD,2018-06-25,0.0054700002074241,0.0054779998026788,0.0047059999778866,0.0050610001198947,0.0050610001198947,6783880
ReddCoin USD,RDD-USD,2018-06-26,0.0049990001134574,0.0050090001896023,0.0046230000443756,0.0046230000443756,0.0046230000443756,2709990
ReddCoin USD,RDD-USD,2018-06-27,0.0046810000203549,0.004846999887377,0.0045909998007118,0.00484099984169,0.00484099984169,1386100
ReddCoin USD,RDD-USD,2018-06-28,0.0048139998689293,0.0048230001702904,0.0043790000490844,0.0044570001773536,0.0044570001773536,1645400
ReddCoin USD,RDD-USD,2018-06-29,0.0044599999673664,0.0047709997743368,0.0042030001059174,0.0045869997702538,0.0045869997702538,2338870
ReddCoin USD,RDD-USD,2018-06-30,0.0046529998071491,0.0051090000197291,0.0046529998071491,0.0050730002112686,0.0050730002112686,2477360
ReddCoin USD,RDD-USD,2018-07-01,0.0050459997728466,0.0051369997672736,0.0046129999682307,0.0048230001702904,0.0048230001702904,2689390
ReddCoin USD,RDD-USD,2018-07-02,0.0047610001638531,0.0052370000630617,0.0046489997766911,0.005125000141561,0.005125000141561,3190310
ReddCoin USD,RDD-USD,2018-07-03,0.0050650001503527,0.0051810001023113,0.004751999862492,0.0048119998537003,0.0048119998537003,3776710
ReddCoin USD,RDD-USD,2018-07-04,0.0048099998384714,0.0049820002168416,0.0044780001044273,0.0047989999875426,0.0047989999875426,4235770
ReddCoin USD,RDD-USD,2018-07-05,0.0048380000516772,0.0049009998328983,0.0045949998311698,0.0047709997743368,0.0047709997743368,1652800
ReddCoin USD,RDD-USD,2018-07-06,0.0047059999778866,0.0047720000147819,0.0044570001773536,0.0046279998496174,0.0046279998496174,2977270
ReddCoin USD,RDD-USD,2018-07-07,0.0046489997766911,0.0048859999515116,0.0045420001260936,0.0048039997927844,0.0048039997927844,1830840
ReddCoin USD,RDD-USD,2018-07-08,0.0047980002127587,0.0049979998730123,0.0047070002183318,0.0047980002127587,0.0047980002127587,2326870
ReddCoin USD,RDD-USD,2018-07-09,0.0048290002159774,0.005301000084728,0.0046319998800754,0.0046680001541972,0.0046680001541972,7130180
ReddCoin USD,RDD-USD,2018-07-10,0.0046279998496174,0.0047360002063214,0.0042110001668334,0.0042960001155734,0.0042960001155734,3170650
ReddCoin USD,RDD-USD,2018-07-11,0.0042969998903572,0.0044149998575448,0.0040890001691877,0.00424600020051,0.00424600020051,1908870
ReddCoin USD,RDD-USD,2018-07-12,0.0042170002125203,0.0042790002189576,0.0039550000801682,0.0041149999015033,0.0041149999015033,1283070
ReddCoin USD,RDD-USD,2018-07-13,0.0041189999319612,0.0043159998022019,0.0041189999319612,0.004127999767661,0.004127999767661,1439620
ReddCoin USD,RDD-USD,2018-07-14,0.004149000160396,0.0042579998262226,0.0041169999167323,0.0041680000722408,0.0041680000722408,642134
ReddCoin USD,RDD-USD,2018-07-15,0.0041959998197853,0.0042630000971257,0.0041149999015033,0.0041600000113248,0.0041600000113248,898884
ReddCoin USD,RDD-USD,2018-07-16,0.0041649998165667,0.0045219999738037,0.0040649999864399,0.0045219999738037,0.0045219999738037,2448980
ReddCoin USD,RDD-USD,2018-07-17,0.0045770001597702,0.0047969999723136,0.0042889998294413,0.0047630001790821,0.0047630001790821,3977240
ReddCoin USD,RDD-USD,2018-07-18,0.0047610001638531,0.0054339999333024,0.0046029998920857,0.0049000000581145,0.0049000000581145,10853300
ReddCoin USD,RDD-USD,2018-07-19,0.0048659997992217,0.0050969999283552,0.0046410001814365,0.0047780000604689,0.0047780000604689,3308710
ReddCoin USD,RDD-USD,2018-07-20,0.0047079999931156,0.0047740000300109,0.0041209999471902,0.0042550000362098,0.0042550000362098,2673730
ReddCoin USD,RDD-USD,2018-07-21,0.0042889998294413,0.0046009998768568,0.0039940001443028,0.0044439998455345,0.0044439998455345,2380140
ReddCoin USD,RDD-USD,2018-07-22,0.0044419998303055,0.0046109999530017,0.0042110001668334,0.004335000179708,0.004335000179708,1488130
ReddCoin USD,RDD-USD,2018-07-23,0.0042889998294413,0.0047019999474287,0.0042559998109936,0.0043159998022019,0.0043159998022019,3564260
ReddCoin USD,RDD-USD,2018-07-24,0.0044749998487532,0.0048099998384714,0.0041669998317956,0.0046379999257624,0.0046379999257624,4876580
ReddCoin USD,RDD-USD,2018-07-25,0.0045520002022385,0.004674999974668,0.0042719999328255,0.004414000082761,0.004414000082761,3643240
ReddCoin USD,RDD-USD,2018-07-26,0.004412000067532,0.0046060001477599,0.0041069998405873,0.0041709998622536,0.0041709998622536,2187810
ReddCoin USD,RDD-USD,2018-07-27,0.0042130001820623,0.0045329998247325,0.0040199998766183,0.0043700002133846,0.0043700002133846,3996390
ReddCoin USD,RDD-USD,2018-07-28,0.004412000067532,0.004581999965012,0.0042070001363754,0.0043399999849498,0.0043399999849498,2277880
ReddCoin USD,RDD-USD,2018-07-29,0.0043569998815655,0.0044660000130534,0.0041840001940727,0.0042710001580417,0.0042710001580417,1807080
ReddCoin USD,RDD-USD,2018-07-30,0.0042289998382329,0.0043649999424815,0.0040400000289082,0.0042150001972913,0.0042150001972913,1656680
ReddCoin USD,RDD-USD,2018-07-31,0.0042070001363754,0.004242000170052,0.0036720000207424,0.0037930000107735,0.0037930000107735,2458820
ReddCoin USD,RDD-USD,2018-08-01,0.003796000033617,0.003796000033617,0.0034630000591278,0.0036510000936686,0.0036510000936686,1579140
ReddCoin USD,RDD-USD,2018-08-02,0.0036190000828355,0.0037589999847114,0.0032389999832957,0.0033170001115649,0.0033170001115649,2473210
ReddCoin USD,RDD-USD,2018-08-03,0.0033539999276399,0.0034640000667423,0.0029660000000149,0.0032599999103695,0.0032599999103695,3151020
ReddCoin USD,RDD-USD,2018-08-04,0.0032649999484419,0.0034270000178366,0.0029200001154094,0.0030439998954534,0.0030439998954534,1581450
ReddCoin USD,RDD-USD,2018-08-05,0.003084999974817,0.0031870000530034,0.0029780000913888,0.0030990000814199,0.0030990000814199,949111
ReddCoin USD,RDD-USD,2018-08-06,0.0030330000445246,0.003216000040993,0.0028959999326616,0.0030529999639838,0.0030529999639838,1048610
ReddCoin USD,RDD-USD,2018-08-07,0.0030199999455362,0.0030650000553578,0.0027660001069307,0.0028230000752955,0.0028230000752955,1060090
ReddCoin USD,RDD-USD,2018-08-08,0.0028909998945891,0.0029080000240355,0.0025369999930262,0.0026320000179111,0.0026320000179111,1317450
ReddCoin USD,RDD-USD,2018-08-09,0.0026100000832229,0.0027689998969435,0.0024870000779628,0.00268099992536,0.00268099992536,1071600
ReddCoin USD,RDD-USD,2018-08-10,0.002678999910131,0.0027550000231713,0.0024139999877661,0.0024639999028295,0.0024639999028295,798943
ReddCoin USD,RDD-USD,2018-08-11,0.0024619998876005,0.0025720000267028,0.0023600000422447,0.0024470000062137,0.0024470000062137,813088
ReddCoin USD,RDD-USD,2018-08-12,0.0025009999517351,0.0025450000539422,0.002430000109598,0.0024689999409019,0.0024689999409019,352670
ReddCoin USD,RDD-USD,2018-08-13,0.0024989999365061,0.0025390000082552,0.0021309999283403,0.0021639999467879,0.0021639999467879,1005850
ReddCoin USD,RDD-USD,2018-08-14,0.0021919999271631,0.0021919999271631,0.0018129999516531,0.0020449999719858,0.0020449999719858,1494360
ReddCoin USD,RDD-USD,2018-08-15,0.0020429999567568,0.0023189999628812,0.0019849999807775,0.0021339999511837,0.0021339999511837,1297390
ReddCoin USD,RDD-USD,2018-08-16,0.0020999999251216,0.002199999988079,0.0020020001102238,0.0020850000437349,0.0020850000437349,1044430
ReddCoin USD,RDD-USD,2018-08-17,0.0020550000481307,0.0024959999136626,0.0020240000449121,0.0024959999136626,0.0024959999136626,1925450
ReddCoin USD,RDD-USD,2018-08-18,0.0024689999409019,0.0025649999734014,0.0022799998987466,0.0023060000967234,0.0023060000967234,1821410
ReddCoin USD,RDD-USD,2018-08-19,0.0023070001043379,0.0026690000668168,0.0022650000173598,0.0025989999994635,0.0025989999994635,1302480
ReddCoin USD,RDD-USD,2018-08-20,0.0025949999690055,0.0029319999739527,0.0024830000475049,0.002515000058338,0.002515000058338,3103060
ReddCoin USD,RDD-USD,2018-08-21,0.0025420000310987,0.0026529999449849,0.0024560000747442,0.0025440000463277,0.0025440000463277,971268
ReddCoin USD,RDD-USD,2018-08-22,0.0025450000539422,0.0027240000199526,0.0022489998955279,0.0022919999901205,0.0022919999901205,1170110
ReddCoin USD,RDD-USD,2018-08-23,0.0023550000041723,0.0025569999124854,0.0023129999171942,0.0025490000844001,0.0025490000844001,956720
ReddCoin USD,RDD-USD,2018-08-24,0.0025470000691711,0.0025700000114738,0.0024129999801516,0.0025200000964105,0.0025200000964105,572771
ReddCoin USD,RDD-USD,2018-08-25,0.0025450000539422,0.0026300000026822,0.0024200000334531,0.0025639999657869,0.0025639999657869,717762
ReddCoin USD,RDD-USD,2018-08-26,0.0025700000114738,0.0025700000114738,0.0024119999725371,0.0024890000931918,0.0024890000931918,577758
ReddCoin USD,RDD-USD,2018-08-27,0.0025530001148581,0.0027209999971091,0.0024689999409019,0.0027209999971091,0.0027209999971091,847235
ReddCoin USD,RDD-USD,2018-08-28,0.0027520000003278,0.0029100000392645,0.00268099992536,0.0027650000993162,0.0027650000993162,1083560
ReddCoin USD,RDD-USD,2018-08-29,0.0027660001069307,0.0029180001001805,0.002678999910131,0.0028170000296086,0.0028170000296086,1020990
ReddCoin USD,RDD-USD,2018-08-30,0.0028180000372231,0.0029380000196397,0.0026660000439733,0.0028639999218285,0.0028639999218285,1457420
ReddCoin USD,RDD-USD,2018-08-31,0.0028669999446719,0.0036979999858886,0.0027799999807029,0.0036979999858886,0.0036979999858886,3598550
ReddCoin USD,RDD-USD,2018-09-01,0.0036959999706596,0.004492999985814,0.0033869999460875,0.0039499998092651,0.0039499998092651,11441400
ReddCoin USD,RDD-USD,2018-09-02,0.0039900001138448,0.004226999823004,0.0034719998948276,0.0037889999803155,0.0037889999803155,5277780
ReddCoin USD,RDD-USD,2018-09-03,0.0037889999803155,0.0039570000953972,0.0036039999686181,0.0038910000585019,0.0038910000585019,2492000
ReddCoin USD,RDD-USD,2018-09-04,0.0037809999193996,0.0041919997893273,0.0037779998965561,0.0040830001235008,0.0040830001235008,2906190
ReddCoin USD,RDD-USD,2018-09-05,0.0041209999471902,0.0042059998959302,0.0032860001083463,0.0032860001083463,0.0032860001083463,3717490
ReddCoin USD,RDD-USD,2018-09-06,0.0032250001095235,0.0033189998939633,0.0029740000609308,0.0033170001115649,0.0033170001115649,2413510
ReddCoin USD,RDD-USD,2018-09-07,0.0032840000931173,0.0035119999665766,0.0031729999464005,0.0034169999416917,0.0034169999416917,1679840
ReddCoin USD,RDD-USD,2018-09-08,0.0034209999721497,0.0034680000972002,0.0031399999279528,0.0031880000606179,0.0031880000606179,959284
ReddCoin USD,RDD-USD,2018-09-09,0.0031860000453889,0.0033269999548792,0.0030370000749826,0.0031950001139193,0.0031950001139193,820404
ReddCoin USD,RDD-USD,2018-09-10,0.0031930000986903,0.0035989999305456,0.0031449999660253,0.0034090001136064,0.0034090001136064,2585000
ReddCoin USD,RDD-USD,2018-09-11,0.0034449999220669,0.0039710002020001,0.0034070000983774,0.0036510000936686,0.0036510000936686,4647700
ReddCoin USD,RDD-USD,2018-09-12,0.0037140001077204,0.0037179999053478,0.0032359999604523,0.003487000009045,0.003487000009045,2032470
ReddCoin USD,RDD-USD,2018-09-13,0.0034890000242739,0.0037040000315755,0.0034189999569207,0.0035739999730139,0.0035739999730139,1324850
ReddCoin USD,RDD-USD,2018-09-14,0.0035089999437332,0.003571999957785,0.0033529999200254,0.0034479999449104,0.0034479999449104,1636100
ReddCoin USD,RDD-USD,2018-09-15,0.0034419998992234,0.0036400000099092,0.0034360000863671,0.0035580000840127,0.0035580000840127,1241070
ReddCoin USD,RDD-USD,2018-09-16,0.0035329998936504,0.0037660000380128,0.0034509999677538,0.0037650000303983,0.0037650000303983,1528000
ReddCoin USD,RDD-USD,2018-09-17,0.0037750001065433,0.0037750001065433,0.0033650000113993,0.0033839999232441,0.0033839999232441,1755800
ReddCoin USD,RDD-USD,2018-09-18,0.0034449999220669,0.00362000009045,0.0033179998863488,0.0036170000676065,0.0036170000676065,897062
ReddCoin USD,RDD-USD,2018-09-19,0.0035880000796169,0.003616000059992,0.0032110000029206,0.0034179999493062,0.0034179999493062,1388860
ReddCoin USD,RDD-USD,2018-09-20,0.003387999953702,0.0035240000579506,0.0032730000093579,0.0033509999047964,0.0033509999047964,2678370
ReddCoin USD,RDD-USD,2018-09-21,0.0033219999168068,0.0035669999197125,0.0032329999376088,0.0034380001015961,0.0034380001015961,3247510
ReddCoin USD,RDD-USD,2018-09-22,0.0035059999208897,0.0035319998860359,0.0032309999223798,0.0033160001039505,0.0033160001039505,1360340
ReddCoin USD,RDD-USD,2018-09-23,0.0033529999200254,0.003618000075221,0.0032780000474303,0.0035459999926388,0.0035459999926388,1241910
ReddCoin USD,RDD-USD,2018-09-24,0.0035470000002533,0.0036889999173581,0.0034300000406801,0.0035570000763982,0.0035570000763982,1323810
ReddCoin USD,RDD-USD,2018-09-25,0.0035530000459402,0.0035530000459402,0.0032619999255985,0.0034070000983774,0.0034070000983774,1259410
ReddCoin USD,RDD-USD,2018-09-26,0.0033390000462532,0.0035429999697953,0.0033249999396502,0.0033950000070035,0.0033950000070035,1409540
ReddCoin USD,RDD-USD,2018-09-27,0.003400000045076,0.003622000105679,0.0032689999788999,0.0036019999533891,0.0036019999533891,1121600
ReddCoin USD,RDD-USD,2018-09-28,0.0035689999349415,0.0038590000476688,0.0034539999905973,0.0038449999410659,0.0038449999410659,1768460
ReddCoin USD,RDD-USD,2018-09-29,0.0038429999258369,0.0044669997878372,0.0036410000175237,0.0043560001067817,0.0043560001067817,6273330
ReddCoin USD,RDD-USD,2018-09-30,0.004321000073105,0.0054199998266994,0.0042179999873042,0.0050949999131262,0.0050949999131262,14062000
ReddCoin USD,RDD-USD,2018-10-01,0.0050809998065233,0.0054080002009868,0.0042079999111592,0.0044479998759925,0.0044479998759925,14433500
ReddCoin USD,RDD-USD,2018-10-02,0.0044700000435113,0.0047490000724792,0.0037519999314099,0.0037519999314099,0.0037519999314099,6219030
ReddCoin USD,RDD-USD,2018-10-03,0.0037209999281913,0.0041069998405873,0.0037209999281913,0.003957999870181,0.003957999870181,4343430
ReddCoin USD,RDD-USD,2018-10-04,0.0039630001410841,0.004141999874264,0.0038660001009702,0.0040609999559819,0.0040609999559819,2529220
ReddCoin USD,RDD-USD,2018-10-05,0.0040359999984502,0.0040810001082718,0.003794000018388,0.003963999915868,0.003963999915868,1838110
ReddCoin USD,RDD-USD,2018-10-06,0.0040369997732341,0.0040389997884631,0.0038060001097619,0.0039329999126493,0.0039329999126493,1013320
ReddCoin USD,RDD-USD,2018-10-07,0.0039470000192523,0.0039490000344812,0.0036279999185353,0.0037370000500231,0.0037370000500231,1798440
ReddCoin USD,RDD-USD,2018-10-08,0.0037549999542534,0.0038010000716894,0.0035439999774098,0.0036460000555962,0.0036460000555962,1858270
ReddCoin USD,RDD-USD,2018-10-09,0.0037239999510347,0.0037289999891072,0.0034040000755339,0.0035820000339299,0.0035820000339299,2109170
ReddCoin USD,RDD-USD,2018-10-10,0.0036339999642223,0.0036339999642223,0.0034519999753683,0.0034940000623464,0.0034940000623464,1613570
ReddCoin USD,RDD-USD,2018-10-11,0.0035099999513477,0.0035389999393373,0.0029680000152438,0.0030449999030679,0.0030449999030679,2174950
ReddCoin USD,RDD-USD,2018-10-12,0.0029790000990033,0.0032110000029206,0.0029460000805556,0.0031789999920874,0.0031789999920874,1124360
ReddCoin USD,RDD-USD,2018-10-13,0.0031190000008791,0.0032510000746697,0.0030539999715983,0.0031449999660253,0.0031449999660253,642596
ReddCoin USD,RDD-USD,2018-10-14,0.0031159999780356,0.0032850001007318,0.003089000005275,0.0031320000998675,0.0031320000998675,503981
ReddCoin USD,RDD-USD,2018-10-15,0.0031959998887032,0.0034340000711381,0.0030410001054406,0.0034290000330656,0.0034290000330656,1303390
ReddCoin USD,RDD-USD,2018-10-16,0.0034260000102221,0.0034260000102221,0.0032140000257641,0.0032870001159608,0.0032870001159608,682249
ReddCoin USD,RDD-USD,2018-10-17,0.0032979999668896,0.0033249999396502,0.0031270000617951,0.0032619999255985,0.0032619999255985,684000
ReddCoin USD,RDD-USD,2018-10-18,0.0032110000029206,0.0032679999712854,0.0030879999976605,0.0031119999475777,0.0031119999475777,735998
ReddCoin USD,RDD-USD,2018-10-19,0.0031729999464005,0.0031799999997019,0.0030070000793784,0.0030859999824315,0.0030859999824315,618158
ReddCoin USD,RDD-USD,2018-10-20,0.0030859999824315,0.003175999969244,0.0030189999379217,0.0031069999095052,0.0031069999095052,459078
ReddCoin USD,RDD-USD,2018-10-21,0.0031099999323487,0.0031999999191612,0.0030320000369101,0.0030900000128895,0.0030900000128895,357325
ReddCoin USD,RDD-USD,2018-10-22,0.0030499999411404,0.0031139999628067,0.0029589999467134,0.0030960000585764,0.0030960000585764,715827
ReddCoin USD,RDD-USD,2018-10-23,0.0030650000553578,0.0031729999464005,0.0030169999226927,0.0030410001054406,0.0030410001054406,826108
ReddCoin USD,RDD-USD,2018-10-24,0.0030900000128895,0.0031250000465661,0.00290900003165,0.0029490001033991,0.0029490001033991,1184030
ReddCoin USD,RDD-USD,2018-10-25,0.0029810001142323,0.0030420001130551,0.0028999999631196,0.0029619999695569,0.0029619999695569,804632
ReddCoin USD,RDD-USD,2018-10-26,0.0028959999326616,0.0032760000322014,0.0028959999326616,0.0030390000902116,0.0030390000902116,3062940
ReddCoin USD,RDD-USD,2018-10-27,0.0030269999988377,0.0030479999259114,0.0028989999555051,0.0028989999555051,0.0028989999555051,955430
ReddCoin USD,RDD-USD,2018-10-28,0.0029440000653266,0.0029829998966306,0.0028359999414533,0.0029519998934119,0.0029519998934119,508635
ReddCoin USD,RDD-USD,2018-10-29,0.0029370000120252,0.0029790000990033,0.0027030000928789,0.0027159999590367,0.0027159999590367,715841
ReddCoin USD,RDD-USD,2018-10-30,0.002775999950245,0.0027860000263899,0.0027050001081079,0.0027439999394118,0.0027439999394118,430564
ReddCoin USD,RDD-USD,2018-10-31,0.0027449999470263,0.0028409999795258,0.0027020000852644,0.0027650000993162,0.0027650000993162,468378
ReddCoin USD,RDD-USD,2018-11-01,0.0027650000993162,0.0029080000240355,0.0027060001157224,0.0029060000088065,0.0029060000088065,540445
ReddCoin USD,RDD-USD,2018-11-02,0.0028790000360459,0.0029700000304728,0.0027850000187754,0.0028409999795258,0.0028409999795258,1009830
ReddCoin USD,RDD-USD,2018-11-03,0.0028079999610781,0.0029060000088065,0.0028009999077767,0.002862999914214,0.002862999914214,256244
ReddCoin USD,RDD-USD,2018-11-04,0.0028659999370574,0.0028659999370574,0.0027399999089539,0.0028309999033808,0.0028309999033808,474705
ReddCoin USD,RDD-USD,2018-11-05,0.0027709999121725,0.0029039999935775,0.0026990000624209,0.0027590000536292,0.0027590000536292,913080
ReddCoin USD,RDD-USD,2018-11-06,0.0028019999153912,0.0028339999262243,0.0025780000723898,0.0026899999938905,0.0026899999938905,1471580
ReddCoin USD,RDD-USD,2018-11-07,0.0027199999894946,0.0028049999382346,0.0026489999145269,0.0027429999317973,0.0027429999317973,631957
ReddCoin USD,RDD-USD,2018-11-08,0.0028029999230057,0.0028029999230057,0.002602000022307,0.0026360000483691,0.0026360000483691,736961
ReddCoin USD,RDD-USD,2018-11-09,0.002604000037536,0.0026489999145269,0.0024959999136626,0.0025839998852461,0.0025839998852461,936163
ReddCoin USD,RDD-USD,2018-11-10,0.0025839998852461,0.0026370000559836,0.0024920001160353,0.0025730000343173,0.0025730000343173,393957
ReddCoin USD,RDD-USD,2018-11-11,0.0025700000114738,0.0026269999798387,0.0024790000170469,0.0025530001148581,0.0025530001148581,282795
ReddCoin USD,RDD-USD,2018-11-12,0.0025450000539422,0.0025750000495463,0.0024329998996108,0.0024949999060481,0.0024949999060481,603737
ReddCoin USD,RDD-USD,2018-11-13,0.0024840000551193,0.002553999889642,0.0024089999496936,0.0024230000562965,0.0024230000562965,347301
ReddCoin USD,RDD-USD,2018-11-14,0.0024160000029951,0.0024800000246614,0.0019389999797567,0.0020520000252872,0.0020520000252872,1567970
ReddCoin USD,RDD-USD,2018-11-15,0.0020409999415278,0.002117000054568,0.0018350000027567,0.0020600000862032,0.0020600000862032,754315
ReddCoin USD,RDD-USD,2018-11-16,0.0020610000938177,0.0020789999980479,0.0019519999623298,0.0020580000709742,0.0020580000709742,497744
ReddCoin USD,RDD-USD,2018-11-17,0.0020620001014322,0.0020620001014322,0.0018880000570788,0.0018880000570788,0.0018880000570788,346629
ReddCoin USD,RDD-USD,2018-11-18,0.0019259999971836,0.0020169999916106,0.0018439999548718,0.0019480000482872,0.0019480000482872,474000
ReddCoin USD,RDD-USD,2018-11-19,0.0019130000146105,0.0019389999797567,0.0014880000380799,0.0015470000216737,0.0015470000216737,684438
ReddCoin USD,RDD-USD,2018-11-20,0.001583999954164,0.0016469999682158,0.0013229999458417,0.0015069999499246,0.0015069999499246,961626
ReddCoin USD,RDD-USD,2018-11-21,0.0015089999651536,0.0016949999844655,0.0014469999587163,0.0016860000323504,0.0016860000323504,448198
ReddCoin USD,RDD-USD,2018-11-22,0.0016799999866634,0.0016929999692365,0.0014799999771639,0.0015020000282675,0.0015020000282675,241030
ReddCoin USD,RDD-USD,2018-11-23,0.0014759999467059,0.0015350000467151,0.00140199996531,0.0015150000108405,0.0015150000108405,231857
ReddCoin USD,RDD-USD,2018-11-24,0.0015119999879971,0.0015389999607577,0.0012189999688416,0.001276999944821,0.001276999944821,237380
ReddCoin USD,RDD-USD,2018-11-25,0.001295999973081,0.0013660000404343,0.0011419999646022,0.0013030000263825,0.0013030000263825,461032
ReddCoin USD,RDD-USD,2018-11-26,0.0012850000057369,0.0013549999566748,0.0011549999471753,0.001209000009112,0.001209000009112,277827
ReddCoin USD,RDD-USD,2018-11-27,0.0012080000014975,0.0013320000143721,0.0011360000353306,0.001300000003539,0.001300000003539,281998
ReddCoin USD,RDD-USD,2018-11-28,0.0013010000111535,0.0016260000411421,0.0013010000111535,0.0015330000314861,0.0015330000314861,649889
ReddCoin USD,RDD-USD,2018-11-29,0.0015190000412985,0.0015869999770075,0.0014430000446736,0.0015450000064447,0.0015450000064447,341055
ReddCoin USD,RDD-USD,2018-11-30,0.0015490000369027,0.0015709999715909,0.0012949999654665,0.0014270000392571,0.0014270000392571,549868
ReddCoin USD,RDD-USD,2018-12-01,0.0014309999532997,0.0015800000401213,0.0013950000284239,0.0015099999727681,0.0015099999727681,158383
ReddCoin USD,RDD-USD,2018-12-02,0.0015089999651536,0.0015869999770075,0.0014570000348612,0.0015259999781847,0.0015259999781847,290285
ReddCoin USD,RDD-USD,2018-12-03,0.0015360000543296,0.0015539999585598,0.0014029999729245,0.0014359999913722,0.0014359999913722,698970
ReddCoin USD,RDD-USD,2018-12-04,0.0014349999837577,0.0015480000292882,0.001403999980539,0.0015030000358819,0.0015030000358819,1593301
ReddCoin USD,RDD-USD,2018-12-05,0.0015040000434964,0.0015040000434964,0.0012860000133514,0.0013520000502467,0.0013520000502467,365277
ReddCoin USD,RDD-USD,2018-12-06,0.0013510000426322,0.0013920000055804,0.0011709999525919,0.0011909999884665,0.0011909999884665,192775
ReddCoin USD,RDD-USD,2018-12-07,0.0011670000385493,0.0011980000417679,0.0010610000463202,0.0011299999896436,0.0011299999896436,409257
ReddCoin USD,RDD-USD,2018-12-08,0.0011299999896436,0.0012179999612271,0.0011119999689981,0.0011780000058934,0.0011780000058934,165545
ReddCoin USD,RDD-USD,2018-12-09,0.0011549999471753,0.0012850000057369,0.0011549999471753,0.0012440000427886,0.0012440000427886,84351
ReddCoin USD,RDD-USD,2018-12-10,0.0012420000275596,0.0012570000253617,0.001103000016883,0.0011640000157058,0.0011640000157058,158283
ReddCoin USD,RDD-USD,2018-12-11,0.0011620000004768,0.0011620000004768,0.0010519999777898,0.0011249999515712,0.0011249999515712,152031
ReddCoin USD,RDD-USD,2018-12-12,0.0011239999439567,0.0011759999906644,0.0010930000571534,0.0010959999635815,0.0010959999635815,150809
ReddCoin USD,RDD-USD,2018-12-13,0.001096999971196,0.0011330000124871,0.0010219999821856,0.0010570000158622,0.0010570000158622,203080
ReddCoin USD,RDD-USD,2018-12-14,0.0010280000278726,0.0010689999908208,0.0009330000029876,0.001007999991998,0.001007999991998,269959
ReddCoin USD,RDD-USD,2018-12-15,0.0010089999996125,0.0010300000431016,0.0009679999784566,0.000988999963738,0.000988999963738,151843
ReddCoin USD,RDD-USD,2018-12-16,0.000988999963738,0.0010639999527484,0.0009730000165291,0.0010509999701753,0.0010509999701753,117717
ReddCoin USD,RDD-USD,2018-12-17,0.0010519999777898,0.0012159999459981,0.0010219999821856,0.0012039999710395,0.0012039999710395,220774
ReddCoin USD,RDD-USD,2018-12-18,0.0012039999710395,0.0012989999959245,0.0011690000537782,0.0012809999752789,0.0012809999752789,231454
ReddCoin USD,RDD-USD,2018-12-19,0.001291999942623,0.0014680000022053,0.0012649999698624,0.0013249999610707,0.0013249999610707,360654
ReddCoin USD,RDD-USD,2018-12-20,0.0013099999632686,0.0014680000022053,0.0012730000307783,0.0013810000382363,0.0013810000382363,328479
ReddCoin USD,RDD-USD,2018-12-21,0.0013650000328198,0.0014260000316426,0.0012499999720603,0.0012649999698624,0.0012649999698624,402926
ReddCoin USD,RDD-USD,2018-12-22,0.0012519999872893,0.0013810000382363,0.0012450000504031,0.0013470000121742,0.0013470000121742,198978
ReddCoin USD,RDD-USD,2018-12-23,0.0013670000480487,0.0014220000011846,0.0013249999610707,0.0013589999871328,0.0013589999871328,120219
ReddCoin USD,RDD-USD,2018-12-24,0.0013480000197887,0.001490999944508,0.0013379999436438,0.0013709999620914,0.0013709999620914,330434
ReddCoin USD,RDD-USD,2018-12-25,0.0013739999849349,0.0013739999849349,0.0012179999612271,0.0012619999470189,0.0012619999470189,186536
ReddCoin USD,RDD-USD,2018-12-26,0.0012819999828934,0.0013229999458417,0.0012159999459981,0.0013109999708831,0.0013109999708831,179778
ReddCoin USD,RDD-USD,2018-12-27,0.0013099999632686,0.0013099999632686,0.0011690000537782,0.0011830000439658,0.0011830000439658,173571
ReddCoin USD,RDD-USD,2018-12-28,0.0011830000439658,0.0013409999664872,0.0011699999449774,0.0013379999436438,0.0013379999436438,125907
ReddCoin USD,RDD-USD,2018-12-29,0.0013399999588727,0.0013839999446645,0.0012949999654665,0.0012989999959245,0.0012989999959245,164898
ReddCoin USD,RDD-USD,2018-12-30,0.001321000047028,0.0013650000328198,0.0012710000155493,0.0013139999937266,0.0013139999937266,164328
ReddCoin USD,RDD-USD,2018-12-31,0.0013360000448301,0.0013360000448301,0.0012319999514147,0.0012649999698624,0.0012649999698624,54844
ReddCoin USD,RDD-USD,2019-01-01,0.0012669999850913,0.001291999942623,0.0012309999438002,0.001291999942623,0.001291999942623,177792
ReddCoin USD,RDD-USD,2019-01-02,0.001295999973081,0.0013389999512583,0.0012610000558197,0.0013389999512583,0.0013389999512583,151144
ReddCoin USD,RDD-USD,2019-01-03,0.0013370000524446,0.0013379999436438,0.0012649999698624,0.00129799998831,0.00129799998831,70629
ReddCoin USD,RDD-USD,2019-01-04,0.0012989999959245,0.0013099999632686,0.0012469999492168,0.001293999957852,0.001293999957852,58437
ReddCoin USD,RDD-USD,2019-01-05,0.0012710000155493,0.001319000031799,0.0012410000199452,0.001302000018768,0.001302000018768,113733
ReddCoin USD,RDD-USD,2019-01-06,0.001302000018768,0.0013820000458508,0.0012639999622479,0.0013460000045597,0.0013460000045597,62741
ReddCoin USD,RDD-USD,2019-01-07,0.0013460000045597,0.0013810000382363,0.0013050000416114,0.0013640000252053,0.0013640000252053,117330
ReddCoin USD,RDD-USD,2019-01-08,0.0013660000404343,0.0013920000055804,0.0013220000546425,0.0013680000556632,0.0013680000556632,108514
ReddCoin USD,RDD-USD,2019-01-09,0.0013689999468624,0.0014159999554976,0.0013360000448301,0.0013709999620914,0.0013709999620914,251144
ReddCoin USD,RDD-USD,2019-01-10,0.0013719999697059,0.0014179999707266,0.001206999993883,0.0012460000580176,0.0012460000580176,187377
ReddCoin USD,RDD-USD,2019-01-11,0.0012450000504031,0.0012929999502375,0.001204999978654,0.0012519999872893,0.0012519999872893,128839
ReddCoin USD,RDD-USD,2019-01-12,0.0012509999796748,0.0012900000438094,0.0012039999710395,0.0012619999470189,0.0012619999470189,76200
ReddCoin USD,RDD-USD,2019-01-13,0.0012610000558197,0.0012809999752789,0.0011670000385493,0.0011680000461637,0.0011680000461637,208037
ReddCoin USD,RDD-USD,2019-01-14,0.0011699999449774,0.0012590000405907,0.0011459999950602,0.0012209999840706,0.0012209999840706,114170
ReddCoin USD,RDD-USD,2019-01-15,0.0012209999840706,0.0012460000580176,0.0011569999624043,0.001185999950394,0.001185999950394,92637
ReddCoin USD,RDD-USD,2019-01-16,0.0011970000341534,0.0012140000471845,0.0011599999852478,0.001185999950394,0.001185999950394,59062
ReddCoin USD,RDD-USD,2019-01-17,0.001185999950394,0.0012509999796748,0.0011599999852478,0.00121300003957,0.00121300003957,163749
ReddCoin USD,RDD-USD,2019-01-18,0.0012379999971017,0.0012499999720603,0.0012000000569969,0.0012199999764561,0.0012199999764561,112335
ReddCoin USD,RDD-USD,2019-01-19,0.0012199999764561,0.0013089999556541,0.0012039999710395,0.0012779999524354,0.0012779999524354,117287
ReddCoin USD,RDD-USD,2019-01-20,0.0012659999774768,0.0013089999556541,0.0011820000363513,0.0012219999916851,0.0012219999916851,769631
ReddCoin USD,RDD-USD,2019-01-21,0.0012219999916851,0.0012260000221431,0.001206999993883,0.001215000054799,0.001215000054799,733303
ReddCoin USD,RDD-USD,2019-01-22,0.0012159999459981,0.001276999944821,0.0011970000341534,0.0012700000079348,0.0012700000079348,916517
ReddCoin USD,RDD-USD,2019-01-23,0.0012710000155493,0.0015699999639764,0.0012690000003203,0.0015399999683722,0.0015399999683722,2498895
ReddCoin USD,RDD-USD,2019-01-24,0.0015529999509453,0.0015559999737888,0.0013320000143721,0.0014600000577047,0.0014600000577047,2077307
ReddCoin USD,RDD-USD,2019-01-25,0.0014440000522881,0.0014649999793618,0.00131700001657,0.0013689999468624,0.0013689999468624,1483687
ReddCoin USD,RDD-USD,2019-01-26,0.0013689999468624,0.0014149999478831,0.0013320000143721,0.0013839999446645,0.0013839999446645,405679
ReddCoin USD,RDD-USD,2019-01-27,0.0013839999446645,0.0014349999837577,0.0013150000013411,0.0014299999456852,0.0014299999456852,482023
ReddCoin USD,RDD-USD,2019-01-28,0.0014319999609142,0.0014319999609142,0.0012100000167265,0.0012819999828934,0.0012819999828934,310029
ReddCoin USD,RDD-USD,2019-01-29,0.0012819999828934,0.0012829999905079,0.0011620000004768,0.0012240000069141,0.0012240000069141,233080
ReddCoin USD,RDD-USD,2019-01-30,0.0012219999916851,0.0012900000438094,0.0011810000287368,0.0012880000285804,0.0012880000285804,210486
ReddCoin USD,RDD-USD,2019-01-31,0.0012880000285804,0.001293999957852,0.001204999978654,0.001209000009112,0.001209000009112,126853
ReddCoin USD,RDD-USD,2019-02-01,0.001211000024341,0.0012600000482052,0.0011680000461637,0.0012400000123307,0.0012400000123307,129991
ReddCoin USD,RDD-USD,2019-02-02,0.0012379999971017,0.0012550000101327,0.001211000024341,0.0012479999568313,0.0012479999568313,64207
ReddCoin USD,RDD-USD,2019-02-03,0.001230000052601,0.0012600000482052,0.0012039999710395,0.001211000024341,0.001211000024341,100136
ReddCoin USD,RDD-USD,2019-02-04,0.0012140000471845,0.0012359999818727,0.0011709999525919,0.0011780000058934,0.0011780000058934,102101
ReddCoin USD,RDD-USD,2019-02-05,0.0011950000189244,0.001211000024341,0.0011390000581741,0.0011459999950602,0.0011459999950602,162542
ReddCoin USD,RDD-USD,2019-02-06,0.0011470000026747,0.0011790000135079,0.0010890000266954,0.0011099999537691,0.0011099999537691,224492
ReddCoin USD,RDD-USD,2019-02-07,0.0010910000419244,0.0011299999896436,0.0010870000114664,0.0010880000190809,0.0010880000190809,148154
ReddCoin USD,RDD-USD,2019-02-08,0.0010880000190809,0.0012509999796748,0.0010849999962374,0.001211000024341,0.001211000024341,176094
ReddCoin USD,RDD-USD,2019-02-09,0.001211000024341,0.0012860000133514,0.0012039999710395,0.0012700000079348,0.0012700000079348,103863
ReddCoin USD,RDD-USD,2019-02-10,0.0012710000155493,0.0012829999905079,0.0012019999558106,0.0012349999742582,0.0012349999742582,112131
ReddCoin USD,RDD-USD,2019-02-11,0.0012349999742582,0.0012479999568313,0.0012009999481961,0.0012009999481961,0.0012009999481961,54550
ReddCoin USD,RDD-USD,2019-02-12,0.0012009999481961,0.0012460000580176,0.0011769999982789,0.001202999963425,0.001202999963425,118175
ReddCoin USD,RDD-USD,2019-02-13,0.0012260000221431,0.0012369999894872,0.0011569999624043,0.0011609999928623,0.0011609999928623,113453
ReddCoin USD,RDD-USD,2019-02-14,0.0011599999852478,0.0011980000417679,0.0011320000048726,0.0011549999471753,0.0011549999471753,113924
ReddCoin USD,RDD-USD,2019-02-15,0.0011559999547898,0.0011980000417679,0.0011210000375285,0.0011579999700188,0.0011579999700188,80467
ReddCoin USD,RDD-USD,2019-02-16,0.0011769999982789,0.0012000000569969,0.0011380000505596,0.0011609999928623,0.0011609999928623,72690
ReddCoin USD,RDD-USD,2019-02-17,0.0011620000004768,0.0011970000341534,0.001118000014685,0.0011490000179037,0.0011490000179037,120650
ReddCoin USD,RDD-USD,2019-02-18,0.0011490000179037,0.0012870000209659,0.0011360000353306,0.0012140000471845,0.0012140000471845,192641
ReddCoin USD,RDD-USD,2019-02-19,0.001215000054799,0.0013200000394135,0.0012120000319555,0.0012760000536218,0.0012760000536218,194377
ReddCoin USD,RDD-USD,2019-02-20,0.0012750000460073,0.0013299999991431,0.0012580000329762,0.0013200000394135,0.0013200000394135,191952
ReddCoin USD,RDD-USD,2019-02-21,0.0013200000394135,0.0013200000394135,0.0012600000482052,0.0012809999752789,0.0012809999752789,107280
ReddCoin USD,RDD-USD,2019-02-22,0.0012789999600499,0.0013129999861121,0.0012619999470189,0.0013050000416114,0.0013050000416114,69348
ReddCoin USD,RDD-USD,2019-02-23,0.001302000018768,0.00140199996531,0.0012690000003203,0.0013660000404343,0.0013660000404343,100666
ReddCoin USD,RDD-USD,2019-02-24,0.0013670000480487,0.0014270000392571,0.001211000024341,0.0012400000123307,0.0012400000123307,107926
ReddCoin USD,RDD-USD,2019-02-25,0.0012400000123307,0.0012679999927058,0.0011909999884665,0.0012039999710395,0.0012039999710395,111338
ReddCoin USD,RDD-USD,2019-02-26,0.0012019999558106,0.0012430000351741,0.001187999965623,0.0011940000113099,0.0011940000113099,135270
ReddCoin USD,RDD-USD,2019-02-27,0.0011960000265389,0.0012339999666437,0.0011480000102892,0.0011909999884665,0.0011909999884665,69814
ReddCoin USD,RDD-USD,2019-02-28,0.0011919999960809,0.0012410000199452,0.0011569999624043,0.0011940000113099,0.0011940000113099,65676
ReddCoin USD,RDD-USD,2019-03-01,0.0011940000113099,0.0012479999568313,0.0011719999602064,0.0011940000113099,0.0011940000113099,93033
ReddCoin USD,RDD-USD,2019-03-02,0.001211000024341,0.0012369999894872,0.0011729999678209,0.0011749999830499,0.0011749999830499,66661
ReddCoin USD,RDD-USD,2019-03-03,0.0011739999754354,0.0012700000079348,0.0011579999700188,0.0012669999850913,0.0012669999850913,158061
ReddCoin USD,RDD-USD,2019-03-04,0.0012649999698624,0.0012750000460073,0.0011609999928623,0.0012019999558106,0.0012019999558106,160238
ReddCoin USD,RDD-USD,2019-03-05,0.001202999963425,0.0012860000133514,0.0011660000309348,0.0012479999568313,0.0012479999568313,82530
ReddCoin USD,RDD-USD,2019-03-06,0.0012450000504031,0.0012870000209659,0.0012000000569969,0.0012850000057369,0.0012850000057369,80854
ReddCoin USD,RDD-USD,2019-03-07,0.0012590000405907,0.0012890000361949,0.001206999993883,0.0012410000199452,0.0012410000199452,62573
ReddCoin USD,RDD-USD,2019-03-08,0.0012420000275596,0.0012560000177472,0.0011990000493824,0.0012080000014975,0.0012080000014975,92051
ReddCoin USD,RDD-USD,2019-03-09,0.0012080000014975,0.0012679999927058,0.0011810000287368,0.0012669999850913,0.0012669999850913,179842
ReddCoin USD,RDD-USD,2019-03-10,0.001230000052601,0.0012669999850913,0.0011919999960809,0.0012619999470189,0.0012619999470189,129257
ReddCoin USD,RDD-USD,2019-03-11,0.0012629999546334,0.0012679999927058,0.0011660000309348,0.0012329999590292,0.0012329999590292,74941
ReddCoin USD,RDD-USD,2019-03-12,0.0012349999742582,0.0012550000101327,0.0011729999678209,0.0012489999644458,0.0012489999644458,217517
ReddCoin USD,RDD-USD,2019-03-13,0.0012509999796748,0.001276999944821,0.001204999978654,0.0012100000167265,0.0012100000167265,92563
ReddCoin USD,RDD-USD,2019-03-14,0.0012100000167265,0.0012580000329762,0.0012080000014975,0.0012159999459981,0.0012159999459981,87665
ReddCoin USD,RDD-USD,2019-03-15,0.001215000054799,0.0012659999774768,0.001209000009112,0.0012290000449866,0.0012290000449866,76942
ReddCoin USD,RDD-USD,2019-03-16,0.0012280000373721,0.0013030000263825,0.0012169999536126,0.0012929999502375,0.0012929999502375,89701
ReddCoin USD,RDD-USD,2019-03-17,0.0012540000025182,0.0012949999654665,0.0012080000014975,0.0012460000580176,0.0012460000580176,82361
ReddCoin USD,RDD-USD,2019-03-18,0.0012710000155493,0.0012989999959245,0.0012420000275596,0.0012479999568313,0.0012479999568313,128895
ReddCoin USD,RDD-USD,2019-03-19,0.0012740000383928,0.0012989999959245,0.0012250000145286,0.0012619999470189,0.0012619999470189,208390
ReddCoin USD,RDD-USD,2019-03-20,0.0012629999546334,0.0013040000339969,0.0012489999644458,0.0012880000285804,0.0012880000285804,95998
ReddCoin USD,RDD-USD,2019-03-21,0.0012900000438094,0.0013079999480396,0.0012359999818727,0.0012489999644458,0.0012489999644458,129716
ReddCoin USD,RDD-USD,2019-03-22,0.0012469999492168,0.0012949999654665,0.0012100000167265,0.0012710000155493,0.0012710000155493,90965
ReddCoin USD,RDD-USD,2019-03-23,0.0012460000580176,0.001293999957852,0.0012420000275596,0.0012789999600499,0.0012789999600499,58362
ReddCoin USD,RDD-USD,2019-03-24,0.0012499999720603,0.0012890000361949,0.0012410000199452,0.0012450000504031,0.0012450000504031,109422
ReddCoin USD,RDD-USD,2019-03-25,0.001276999944821,0.001295999973081,0.0012169999536126,0.001293999957852,0.001293999957852,155087
ReddCoin USD,RDD-USD,2019-03-26,0.0012710000155493,0.0013259999686852,0.0012469999492168,0.0013200000394135,0.0013200000394135,237158
ReddCoin USD,RDD-USD,2019-03-27,0.001321000047028,0.0013749999925494,0.001319000031799,0.0013599999947473,0.0013599999947473,314717
ReddCoin USD,RDD-USD,2019-03-28,0.0013599999947473,0.0013689999468624,0.0013320000143721,0.0013449999969452,0.0013449999969452,323792
ReddCoin USD,RDD-USD,2019-03-29,0.0013460000045597,0.0013689999468624,0.001209000009112,0.0012270000297576,0.0012270000297576,422078
ReddCoin USD,RDD-USD,2019-03-30,0.0012499999720603,0.0013589999871328,0.001211000024341,0.0013010000111535,0.0013010000111535,337519
ReddCoin USD,RDD-USD,2019-03-31,0.0013010000111535,0.0013940000208094,0.0012390000047162,0.0012949999654665,0.0012949999654665,557307
ReddCoin USD,RDD-USD,2019-04-01,0.0012949999654665,0.0014530000044032,0.0012949999654665,0.001410000026226,0.001410000026226,741677
ReddCoin USD,RDD-USD,2019-04-02,0.001410000026226,0.0016550000291317,0.0013739999849349,0.0016540000215172,0.0016540000215172,1084120
ReddCoin USD,RDD-USD,2019-04-03,0.001585999969393,0.0020900000818073,0.0015249999705702,0.0017879999941214,0.0017879999941214,2619211
ReddCoin USD,RDD-USD,2019-04-04,0.0018179999897256,0.0019690000917762,0.0016469999682158,0.0017500000540167,0.0017500000540167,1104366
ReddCoin USD,RDD-USD,2019-04-05,0.0017500000540167,0.0018179999897256,0.0016840000171214,0.0017910000169649,0.0017910000169649,553150
ReddCoin USD,RDD-USD,2019-04-06,0.0017920000245794,0.001810000045225,0.0016820000018924,0.0017180000431835,0.0017180000431835,313362
ReddCoin USD,RDD-USD,2019-04-07,0.0017160000279545,0.0017529999604448,0.0016380000161007,0.0016629999736323,0.0016629999736323,386738
ReddCoin USD,RDD-USD,2019-04-08,0.00169599999208,0.0017900000093504,0.0016599999507889,0.001691999961622,0.001691999961622,353870
ReddCoin USD,RDD-USD,2019-04-09,0.0016909999540075,0.001784999971278,0.0016489999834448,0.0017140000127255,0.0017140000127255,333484
ReddCoin USD,RDD-USD,2019-04-10,0.0017140000127255,0.001890999963507,0.0016629999736323,0.0018250000430271,0.0018250000430271,381272
ReddCoin USD,RDD-USD,2019-04-11,0.0018260000506415,0.0018649999983608,0.0015569999814033,0.0016690000193193,0.0016690000193193,651487
ReddCoin USD,RDD-USD,2019-04-12,0.0016680000117048,0.0016779999714344,0.0015559999737888,0.0016060000052675,0.0016060000052675,227407
ReddCoin USD,RDD-USD,2019-04-13,0.001604999997653,0.0016870000399649,0.001604999997653,0.0016769999638199,0.0016769999638199,105957
ReddCoin USD,RDD-USD,2019-04-14,0.0016769999638199,0.00169599999208,0.001585999969393,0.0016880000475794,0.0016880000475794,139085
ReddCoin USD,RDD-USD,2019-04-15,0.0016880000475794,0.0017089999746531,0.001583999954164,0.0016479999758303,0.0016479999758303,89839
ReddCoin USD,RDD-USD,2019-04-16,0.0016469999682158,0.0017689999658614,0.00161100004334,0.0017219999572262,0.0017219999572262,300020
ReddCoin USD,RDD-USD,2019-04-17,0.0017209999496117,0.0017350000562146,0.0016639999812468,0.0017249999800696,0.0017249999800696,143182
ReddCoin USD,RDD-USD,2019-04-18,0.0017249999800696,0.0018029999919235,0.0016840000171214,0.0017450000159442,0.0017450000159442,320167
ReddCoin USD,RDD-USD,2019-04-19,0.0017450000159442,0.0018029999919235,0.0016830000095069,0.0017430000007152,0.0017430000007152,483369
ReddCoin USD,RDD-USD,2019-04-20,0.0017440000083297,0.0017539999680593,0.0016469999682158,0.001700000022538,0.001700000022538,720169
ReddCoin USD,RDD-USD,2019-04-21,0.001700000022538,0.0017549999756738,0.0016250000335276,0.0016769999638199,0.0016769999638199,683638
ReddCoin USD,RDD-USD,2019-04-22,0.0016759999562054,0.0017280000029131,0.0016289999475702,0.0016700000269338,0.0016700000269338,612246
ReddCoin USD,RDD-USD,2019-04-23,0.0016710000345483,0.0017890000017359,0.0016659999964758,0.0017740000039339,0.0017740000039339,849710
ReddCoin USD,RDD-USD,2019-04-24,0.0017350000562146,0.001983999973163,0.0016759999562054,0.0019039999460801,0.0019039999460801,3176296
ReddCoin USD,RDD-USD,2019-04-25,0.0018799999961629,0.0019650000613182,0.0016489999834448,0.0017099999822676,0.0017099999822676,1239135
ReddCoin USD,RDD-USD,2019-04-26,0.001717000035569,0.0018240000354126,0.0016499999910593,0.0017350000562146,0.0017350000562146,848885
ReddCoin USD,RDD-USD,2019-04-27,0.0017350000562146,0.0017379999626427,0.0016479999758303,0.0016909999540075,0.0016909999540075,1255209
ReddCoin USD,RDD-USD,2019-04-28,0.0016439999453723,0.0017290000105276,0.0016169999726116,0.0016789999790489,0.0016789999790489,1178821
ReddCoin USD,RDD-USD,2019-04-29,0.0016799999866634,0.0016909999540075,0.0015670000575482,0.0015920000150799,0.0015920000150799,1469861
ReddCoin USD,RDD-USD,2019-04-30,0.0015920000150799,0.0016609999584034,0.0015670000575482,0.0016039999900385,0.0016039999900385,1676664
ReddCoin USD,RDD-USD,2019-05-01,0.0016039999900385,0.0016730000497773,0.0015650000423192,0.0016199999954551,0.0016199999954551,1092819
ReddCoin USD,RDD-USD,2019-05-02,0.0016210000030696,0.001698000007309,0.0015849999617785,0.0016509999986737,0.0016509999986737,2411887
ReddCoin USD,RDD-USD,2019-05-03,0.0016509999986737,0.0017049999441951,0.0015960000455379,0.0016720000421628,0.0016720000421628,1539233
ReddCoin USD,RDD-USD,2019-05-04,0.0016710000345483,0.0016990000149235,0.0015800000401213,0.0016329999780282,0.0016329999780282,414200
ReddCoin USD,RDD-USD,2019-05-05,0.0016329999780282,0.0016870000399649,0.0014979999978095,0.0015610000118613,0.0015610000118613,436089
ReddCoin USD,RDD-USD,2019-05-06,0.0015600000042468,0.0015610000118613,0.0014220000011846,0.0015320000238716,0.0015320000238716,424187
ReddCoin USD,RDD-USD,2019-05-07,0.001494999974966,0.0016489999834448,0.001490999944508,0.001516000018455,0.001516000018455,473399
ReddCoin USD,RDD-USD,2019-05-08,0.0015150000108405,0.0015330000314861,0.0013640000252053,0.0013760000001639,0.0013760000001639,544328
ReddCoin USD,RDD-USD,2019-05-09,0.0013749999925494,0.0017930000321939,0.0013749999925494,0.0017269999952986,0.0017269999952986,1075312
ReddCoin USD,RDD-USD,2019-05-10,0.0016909999540075,0.0018159999744966,0.0015999999595806,0.0016560000367462,0.0016560000367462,549760
ReddCoin USD,RDD-USD,2019-05-11,0.0016560000367462,0.0018850000342354,0.0016019999748095,0.0017569999909028,0.0017569999909028,687985
ReddCoin USD,RDD-USD,2019-05-12,0.0017579999985173,0.0019490000559017,0.0016909999540075,0.0017430000007152,0.0017430000007152,632637
ReddCoin USD,RDD-USD,2019-05-13,0.0017430000007152,0.0018830000190064,0.0015970000531524,0.0017180000431835,0.0017180000431835,931122
ReddCoin USD,RDD-USD,2019-05-14,0.0016700000269338,0.0020109999459236,0.0016540000215172,0.0019150000298395,0.0019150000298395,1020024
ReddCoin USD,RDD-USD,2019-05-15,0.001914000022225,0.0021389999892562,0.0018350000027567,0.0021279999054968,0.0021279999054968,1285055
ReddCoin USD,RDD-USD,2019-05-16,0.0021250001154839,0.0023970000911504,0.0020020001102238,0.0020500000100582,0.0020500000100582,1447486
ReddCoin USD,RDD-USD,2019-05-17,0.0020490000024437,0.0021379999816417,0.0017140000127255,0.0019039999460801,0.0019039999460801,993261
ReddCoin USD,RDD-USD,2019-05-18,0.0019039999460801,0.001977999927476,0.0017960000550374,0.0018599999602884,0.0018599999602884,755416
ReddCoin USD,RDD-USD,2019-05-19,0.0018609999679028,0.0020659998990595,0.0018159999744966,0.0019430000102147,0.0019430000102147,772577
ReddCoin USD,RDD-USD,2019-05-20,0.0019430000102147,0.0020029998850077,0.0017430000007152,0.0019150000298395,0.0019150000298395,894124
ReddCoin USD,RDD-USD,2019-05-21,0.0019150000298395,0.0020000000949949,0.001810000045225,0.0019069999689236,0.0019069999689236,809982
ReddCoin USD,RDD-USD,2019-05-22,0.0019059999613091,0.0019610000308603,0.0017509999452158,0.0017869999865069,0.0017869999865069,669467
ReddCoin USD,RDD-USD,2019-05-23,0.001784999971278,0.0018339999951422,0.001628000056371,0.0017839999636635,0.0017839999636635,850605
ReddCoin USD,RDD-USD,2019-05-24,0.0017839999636635,0.0018599999602884,0.0016749999485909,0.0017569999909028,0.0017569999909028,857201
ReddCoin USD,RDD-USD,2019-05-25,0.0017569999909028,0.0018670000135898,0.001691999961622,0.0017729999963194,0.0017729999963194,772608
ReddCoin USD,RDD-USD,2019-05-26,0.0017729999963194,0.0019409999949857,0.0016700000269338,0.0018220000201836,0.0018220000201836,925599
ReddCoin USD,RDD-USD,2019-05-27,0.0018230000277981,0.0019170000450685,0.0017310000257566,0.0018469999777153,0.0018469999777153,835996
ReddCoin USD,RDD-USD,2019-05-28,0.0018459999701008,0.0018459999701008,0.0016210000030696,0.00169599999208,0.00169599999208,1132536
ReddCoin USD,RDD-USD,2019-05-29,0.00169599999208,0.0019490000559017,0.0016159999649971,0.0018179999897256,0.0018179999897256,1685881
ReddCoin USD,RDD-USD,2019-05-30,0.0018179999897256,0.0018390000332146,0.0015579999890178,0.0016570000443607,0.0016570000443607,922825
ReddCoin USD,RDD-USD,2019-05-31,0.0016570000443607,0.0017979999538511,0.0015699999639764,0.0017600000137463,0.0017600000137463,795686
ReddCoin USD,RDD-USD,2019-06-01,0.0017600000137463,0.001801999984309,0.001700000022538,0.001713000005111,0.001713000005111,639699
ReddCoin USD,RDD-USD,2019-06-02,0.001713000005111,0.0018449999624863,0.0017079999670386,0.0017470000311732,0.0017470000311732,795239
ReddCoin USD,RDD-USD,2019-06-03,0.0017480000387877,0.0018240000354126,0.0016260000411421,0.0016360000008717,0.0016360000008717,826125
ReddCoin USD,RDD-USD,2019-06-04,0.0016349999932572,0.0016820000018924,0.0014270000392571,0.0016100000357255,0.0016100000357255,839014
ReddCoin USD,RDD-USD,2019-06-05,0.0016129999421536,0.0017280000029131,0.0015460000140592,0.0016370000084862,0.0016370000084862,882639
ReddCoin USD,RDD-USD,2019-06-06,0.0016349999932572,0.0017810000572353,0.0015820000553503,0.0017750000115484,0.0017750000115484,889356
ReddCoin USD,RDD-USD,2019-06-07,0.0017740000039339,0.0019270000047981,0.0017099999822676,0.0018690000288188,0.0018690000288188,795269
ReddCoin USD,RDD-USD,2019-06-08,0.0018680000212043,0.0019330000504851,0.0017350000562146,0.0017729999963194,0.0017729999963194,716076
ReddCoin USD,RDD-USD,2019-06-09,0.0017719999887049,0.0018269999418407,0.0015229999553412,0.0016860000323504,0.0016860000323504,892984
ReddCoin USD,RDD-USD,2019-06-10,0.0016860000323504,0.0017569999909028,0.0015059999423101,0.0017089999746531,0.0017089999746531,752810
ReddCoin USD,RDD-USD,2019-06-11,0.0017109999898821,0.0017620000289753,0.0016299999551847,0.0016809999942779,0.0016809999942779,625844
ReddCoin USD,RDD-USD,2019-06-12,0.0016809999942779,0.0018550000386312,0.0016489999834448,0.0017910000169649,0.0017910000169649,690217
ReddCoin USD,RDD-USD,2019-06-13,0.0017869999865069,0.0018799999961629,0.0016990000149235,0.0017859999788925,0.0017859999788925,679735
ReddCoin USD,RDD-USD,2019-06-14,0.0017869999865069,0.0018269999418407,0.0016809999942779,0.0017359999474138,0.0017359999474138,860862
ReddCoin USD,RDD-USD,2019-06-15,0.0017359999474138,0.0019379999721422,0.0017229999648407,0.0019229999743402,0.0019229999743402,875571
ReddCoin USD,RDD-USD,2019-06-16,0.0019229999743402,0.0020419999491423,0.0018070000223815,0.001973999897018,0.001973999897018,1165999
ReddCoin USD,RDD-USD,2019-06-17,0.001975999912247,0.0022599999792873,0.0019109999993816,0.0021480000577867,0.0021480000577867,1317630
ReddCoin USD,RDD-USD,2019-06-18,0.0021480000577867,0.0022470001131296,0.0020149999763816,0.0021440000273287,0.0021440000273287,1354336
ReddCoin USD,RDD-USD,2019-06-19,0.0021460000425577,0.0022110000718384,0.0020029998850077,0.0021100000012665,0.0021100000012665,452619
ReddCoin USD,RDD-USD,2019-06-20,0.0021100000012665,0.0022340000141412,0.0020339998882263,0.0021879998967051,0.0021879998967051,415207
ReddCoin USD,RDD-USD,2019-06-21,0.0021899999119341,0.0023690001107752,0.0020930001046508,0.0023399998899549,0.0023399998899549,506421
ReddCoin USD,RDD-USD,2019-06-22,0.0023399998899549,0.0025460000615566,0.0022269999608397,0.0024600001052021,0.0024600001052021,642921
ReddCoin USD,RDD-USD,2019-06-23,0.0023940000683069,0.0024880000855773,0.0022350000217556,0.0023839999921619,0.0023839999921619,428141
ReddCoin USD,RDD-USD,2019-06-24,0.0023849999997764,0.0024270000867545,0.0021879998967051,0.0023380001075565,0.0023380001075565,233313
ReddCoin USD,RDD-USD,2019-06-25,0.002339000115171,0.0025319999549537,0.0022309999912977,0.0023960000835359,0.0023960000835359,414365
ReddCoin USD,RDD-USD,2019-06-26,0.0023960000835359,0.0026050000451505,0.0020590000785887,0.0021279999054968,0.0021279999054968,1328293
ReddCoin USD,RDD-USD,2019-06-27,0.0021289999131113,0.0023809999693185,0.0019259999971836,0.0020570000633597,0.0020570000633597,601840
ReddCoin USD,RDD-USD,2019-06-28,0.0020570000633597,0.0022279999684542,0.0019680000841617,0.0021869998890906,0.0021869998890906,425760
ReddCoin USD,RDD-USD,2019-06-29,0.0021069999784231,0.0021850001066923,0.0018830000190064,0.0020310000982135,0.0020310000982135,207622
ReddCoin USD,RDD-USD,2019-06-30,0.002030000090599,0.0020659998990595,0.0017900000093504,0.001894999993965,0.001894999993965,266939
ReddCoin USD,RDD-USD,2019-07-01,0.001897000009194,0.0019990000873804,0.0017109999898821,0.0018700000364333,0.0018700000364333,233228
ReddCoin USD,RDD-USD,2019-07-02,0.0017969999462366,0.0019440000178292,0.0016499999910593,0.0018390000332146,0.0018390000332146,299058
ReddCoin USD,RDD-USD,2019-07-03,0.0018390000332146,0.0021450000349432,0.0018390000332146,0.0020330001134425,0.0020330001134425,220208
ReddCoin USD,RDD-USD,2019-07-04,0.002032000105828,0.0021609999239444,0.0017569999909028,0.0019020000472664,0.0019020000472664,298450
ReddCoin USD,RDD-USD,2019-07-05,0.0019020000472664,0.0021309999283403,0.0017379999626427,0.0019499999471008,0.0019499999471008,475300
ReddCoin USD,RDD-USD,2019-07-06,0.0019499999471008,0.0020910000894218,0.0018860000418499,0.0019940000493079,0.0019940000493079,208257
ReddCoin USD,RDD-USD,2019-07-07,0.0019970000721514,0.0020769999828189,0.0017930000321939,0.0019460000330582,0.0019460000330582,250110
ReddCoin USD,RDD-USD,2019-07-08,0.0019460000330582,0.0020240000449121,0.00179999996908,0.0019650000613182,0.0019650000613182,322094
ReddCoin USD,RDD-USD,2019-07-09,0.0019660000689327,0.0020310000982135,0.0018390000332146,0.0020079999230802,0.0020079999230802,156516
ReddCoin USD,RDD-USD,2019-07-10,0.0020089999306946,0.0020739999599754,0.0015760000096634,0.0017020000377669,0.0017020000377669,317624
ReddCoin USD,RDD-USD,2019-07-11,0.0017020000377669,0.0018050000071525,0.0015579999890178,0.0015889999922364,0.0015889999922364,278752
ReddCoin USD,RDD-USD,2019-07-12,0.0015910000074654,0.0017549999756738,0.0014509999891743,0.0017350000562146,0.0017350000562146,134518
ReddCoin USD,RDD-USD,2019-07-13,0.0016540000215172,0.0017440000083297,0.0015219999477267,0.0015899999998509,0.0015899999998509,40501
ReddCoin USD,RDD-USD,2019-07-14,0.0015899999998509,0.0016890000551939,0.0013269999762997,0.001414000056684,0.001414000056684,95754
ReddCoin USD,RDD-USD,2019-07-15,0.0014149999478831,0.0015229999553412,0.001302000018768,0.0014179999707266,0.0014179999707266,97006
ReddCoin USD,RDD-USD,2019-07-16,0.0014169999631121,0.0015219999477267,0.0011540000559762,0.0012359999818727,0.0012359999818727,102617
ReddCoin USD,RDD-USD,2019-07-17,0.0012329999590292,0.0013680000556632,0.0011540000559762,0.0013310000067576,0.0013310000067576,110546
ReddCoin USD,RDD-USD,2019-07-18,0.0013320000143721,0.001490999944508,0.0012489999644458,0.001490999944508,0.001490999944508,225255
ReddCoin USD,RDD-USD,2019-07-19,0.001490999944508,0.001585999969393,0.0014189999783411,0.0014730000402778,0.0014730000402778,98596
ReddCoin USD,RDD-USD,2019-07-20,0.0014750000555068,0.0016410000389441,0.0014609999489039,0.0015979999443516,0.0015979999443516,65793
ReddCoin USD,RDD-USD,2019-07-21,0.0015979999443516,0.001602999982424,0.0013930000131949,0.0014809999847784,0.0014809999847784,49078
ReddCoin USD,RDD-USD,2019-07-22,0.0014809999847784,0.0015940000303089,0.0013680000556632,0.0014469999587163,0.0014469999587163,87519
ReddCoin USD,RDD-USD,2019-07-23,0.0014469999587163,0.0015050000511109,0.001291999942623,0.0013229999458417,0.0013229999458417,81050
ReddCoin USD,RDD-USD,2019-07-24,0.0013229999458417,0.0014700000174343,0.0012529999949038,0.0013909999979659,0.0013909999979659,100645
ReddCoin USD,RDD-USD,2019-07-25,0.0013909999979659,0.0015620000194758,0.0013660000404343,0.0014850000152364,0.0014850000152364,135965
ReddCoin USD,RDD-USD,2019-07-26,0.0015389999607577,0.0015820000553503,0.001412000041455,0.0015770000172778,0.0015770000172778,86262
ReddCoin USD,RDD-USD,2019-07-27,0.0015770000172778,0.0016210000030696,0.0014049999881535,0.001520000048913,0.001520000048913,37001
ReddCoin USD,RDD-USD,2019-07-28,0.001518000033684,0.0015269999857991,0.0013859999598935,0.0015229999553412,0.0015229999553412,55787
ReddCoin USD,RDD-USD,2019-07-29,0.0015229999553412,0.0015310000162571,0.0013259999686852,0.0013999999500811,0.0013999999500811,130451
ReddCoin USD,RDD-USD,2019-07-30,0.0013999999500811,0.0014400000218302,0.001321000047028,0.0014390000142157,0.0014390000142157,124126
ReddCoin USD,RDD-USD,2019-07-31,0.0014380000066012,0.0014959999825805,0.001300000003539,0.0013770000077784,0.0013770000077784,139904
ReddCoin USD,RDD-USD,2019-08-01,0.0013780000153928,0.0014639999717473,0.001291999942623,0.0013539999490603,0.0013539999490603,60662
ReddCoin USD,RDD-USD,2019-08-02,0.0013539999490603,0.0014740000478923,0.0012540000025182,0.0012679999927058,0.0012679999927058,134611
ReddCoin USD,RDD-USD,2019-08-03,0.0012679999927058,0.001410000026226,0.0012659999774768,0.0013030000263825,0.0013030000263825,27663
ReddCoin USD,RDD-USD,2019-08-04,0.0013030000263825,0.0014309999532997,0.0012760000536218,0.0013200000394135,0.0013200000394135,30775
ReddCoin USD,RDD-USD,2019-08-05,0.0013200000394135,0.0015129999956116,0.0012929999502375,0.0013040000339969,0.0013040000339969,115438
ReddCoin USD,RDD-USD,2019-08-06,0.001302000018768,0.0014720000326633,0.0011380000505596,0.0012629999546334,0.0012629999546334,154356
ReddCoin USD,RDD-USD,2019-08-07,0.0012619999470189,0.0013239999534562,0.0010509999701753,0.0011960000265389,0.0011960000265389,188204
ReddCoin USD,RDD-USD,2019-08-08,0.0011950000189244,0.0013089999556541,0.0010699999984353,0.0011990000493824,0.0011990000493824,167347
ReddCoin USD,RDD-USD,2019-08-09,0.0011990000493824,0.0013010000111535,0.0010669999755918,0.0011869999580085,0.0011869999580085,139621
ReddCoin USD,RDD-USD,2019-08-10,0.0011869999580085,0.0013689999468624,0.0011320000048726,0.0011350000277161,0.0011350000277161,147578
ReddCoin USD,RDD-USD,2019-08-11,0.0011350000277161,0.0013660000404343,0.0011340000201016,0.0012659999774768,0.0012659999774768,57200
ReddCoin USD,RDD-USD,2019-08-12,0.0012659999774768,0.0013699999544769,0.0011350000277161,0.0012519999872893,0.0012519999872893,67133
ReddCoin USD,RDD-USD,2019-08-13,0.0012519999872893,0.0014270000392571,0.0012309999438002,0.00131700001657,0.00131700001657,252389
ReddCoin USD,RDD-USD,2019-08-14,0.00131700001657,0.001490999944508,0.0012169999536126,0.001302000018768,0.001302000018768,195747
ReddCoin USD,RDD-USD,2019-08-15,0.0013050000416114,0.0014110000338405,0.0011919999960809,0.0012379999971017,0.0012379999971017,140778
ReddCoin USD,RDD-USD,2019-08-16,0.0012379999971017,0.0013539999490603,0.0011840000515803,0.0013299999991431,0.0013299999991431,95567
ReddCoin USD,RDD-USD,2019-08-17,0.0013310000067576,0.0013500000350177,0.0011419999646022,0.001295999973081,0.001295999973081,98209
ReddCoin USD,RDD-USD,2019-08-18,0.001295999973081,0.0013409999664872,0.0012140000471845,0.0012460000580176,0.0012460000580176,20397
ReddCoin USD,RDD-USD,2019-08-19,0.0012460000580176,0.0013839999446645,0.0012000000569969,0.0013089999556541,0.0013089999556541,49037
ReddCoin USD,RDD-USD,2019-08-20,0.0013099999632686,0.0013810000382363,0.001185999950394,0.0013559999642893,0.0013559999642893,66568
ReddCoin USD,RDD-USD,2019-08-21,0.0013559999642893,0.0013579999795183,0.0010959999635815,0.0012159999459981,0.0012159999459981,90380
ReddCoin USD,RDD-USD,2019-08-22,0.0012159999459981,0.00131700001657,0.0011520000407472,0.0012910000514239,0.0012910000514239,38738
ReddCoin USD,RDD-USD,2019-08-23,0.0012910000514239,0.001321000047028,0.0011139999842271,0.0012100000167265,0.0012100000167265,78411
ReddCoin USD,RDD-USD,2019-08-24,0.0012100000167265,0.0013010000111535,0.001103000016883,0.001118000014685,0.001118000014685,44616
ReddCoin USD,RDD-USD,2019-08-25,0.0011170000070706,0.0013129999861121,0.0011159999994561,0.0012140000471845,0.0012140000471845,46496
ReddCoin USD,RDD-USD,2019-08-26,0.001215000054799,0.0013220000546425,0.0011759999906644,0.0012440000427886,0.0012440000427886,40486
ReddCoin USD,RDD-USD,2019-08-27,0.0012440000427886,0.0012819999828934,0.0011269999668002,0.0012159999459981,0.0012159999459981,52337
ReddCoin USD,RDD-USD,2019-08-28,0.0012159999459981,0.0012700000079348,0.0011109999613836,0.0012529999949038,0.0012529999949038,66852
ReddCoin USD,RDD-USD,2019-08-29,0.0012529999949038,0.0012629999546334,0.0010400000028312,0.0011409999569877,0.0011409999569877,47861
ReddCoin USD,RDD-USD,2019-08-30,0.0011409999569877,0.0012440000427886,0.0010550000006332,0.0011500000255182,0.0011500000255182,39385
ReddCoin USD,RDD-USD,2019-08-31,0.0011510000331327,0.0012540000025182,0.0010570000158622,0.0011520000407472,0.0011520000407472,16700
ReddCoin USD,RDD-USD,2019-09-01,0.0011520000407472,0.0012329999590292,0.0010560000082477,0.0011520000407472,0.0011520000407472,16682
ReddCoin USD,RDD-USD,2019-09-02,0.0011520000407472,0.0013409999664872,0.0010689999908208,0.0012430000351741,0.0012430000351741,57806
ReddCoin USD,RDD-USD,2019-09-03,0.0012430000351741,0.0013930000131949,0.0011889999732375,0.0012860000133514,0.0012860000133514,182134
ReddCoin USD,RDD-USD,2019-09-04,0.0012850000057369,0.0013859999598935,0.0012519999872893,0.0012700000079348,0.0012700000079348,32665
ReddCoin USD,RDD-USD,2019-09-05,0.0012700000079348,0.0013760000001639,0.0012629999546334,0.001291999942623,0.001291999942623,26951
ReddCoin USD,RDD-USD,2019-09-06,0.001291999942623,0.0014199999859556,0.0012450000504031,0.0012550000101327,0.0012550000101327,29994
ReddCoin USD,RDD-USD,2019-09-07,0.0012550000101327,0.0013699999544769,0.0012430000351741,0.0012619999470189,0.0012619999470189,26630
ReddCoin USD,RDD-USD,2019-09-08,0.0012619999470189,0.0013770000077784,0.0012479999568313,0.0013569999719038,0.0013569999719038,89129
ReddCoin USD,RDD-USD,2019-09-09,0.0013569999719038,0.0014550000196322,0.0012219999916851,0.0014469999587163,0.0014469999587163,179776
ReddCoin USD,RDD-USD,2019-09-10,0.0014459999511018,0.0014550000196322,0.0013030000263825,0.0013269999762997,0.0013269999762997,66859
ReddCoin USD,RDD-USD,2019-09-11,0.0013269999762997,0.0014189999783411,0.0012339999666437,0.0013249999610707,0.0013249999610707,96237
ReddCoin USD,RDD-USD,2019-09-12,0.0013249999610707,0.0014560000272467,0.0012280000373721,0.0013719999697059,0.0013719999697059,44815
ReddCoin USD,RDD-USD,2019-09-13,0.0013729999773204,0.0014600000577047,0.0013289999915286,0.0013470000121742,0.0013470000121742,13402
ReddCoin USD,RDD-USD,2019-09-14,0.0013470000121742,0.0014479999663308,0.0013389999512583,0.0014159999554976,0.0014159999554976,46774
ReddCoin USD,RDD-USD,2019-09-15,0.0014159999554976,0.0014299999456852,0.0013409999664872,0.0014280000468716,0.0014280000468716,26159
ReddCoin USD,RDD-USD,2019-09-16,0.0014280000468716,0.0014440000522881,0.0013289999915286,0.0013350000372156,0.0013350000372156,29731
ReddCoin USD,RDD-USD,2019-09-17,0.0013360000448301,0.0014380000066012,0.0013249999610707,0.0013310000067576,0.0013310000067576,64233
ReddCoin USD,RDD-USD,2019-09-18,0.0013299999991431,0.0014380000066012,0.0012390000047162,0.0014270000392571,0.0014270000392571,62176
ReddCoin USD,RDD-USD,2019-09-19,0.0013389999512583,0.0014329999685287,0.0012829999905079,0.0013370000524446,0.0013370000524446,63241
ReddCoin USD,RDD-USD,2019-09-20,0.0013379999436438,0.0014230000087991,0.0012410000199452,0.0013239999534562,0.0013239999534562,52480
ReddCoin USD,RDD-USD,2019-09-21,0.0013239999534562,0.0014230000087991,0.0013010000111535,0.0013030000263825,0.0013030000263825,14093
ReddCoin USD,RDD-USD,2019-09-22,0.0013030000263825,0.0014110000338405,0.0012910000514239,0.0014090000186115,0.0014090000186115,10037
ReddCoin USD,RDD-USD,2019-09-23,0.001410000026226,0.001410000026226,0.0012619999470189,0.0012619999470189,0.0012619999470189,22815
ReddCoin USD,RDD-USD,2019-09-24,0.0012619999470189,0.0013579999795183,0.0010029999539256,0.0011119999689981,0.0011119999689981,122364
ReddCoin USD,RDD-USD,2019-09-25,0.0011690000537782,0.0011960000265389,0.0010150000452995,0.0010750000365078,0.0010750000365078,64287
ReddCoin USD,RDD-USD,2019-09-26,0.0010740000288933,0.001094999955967,0.0008950000046752,0.0010290000354871,0.0010290000354871,220895
ReddCoin USD,RDD-USD,2019-09-27,0.0010290000354871,0.0010750000365078,0.0009549999958835,0.0010699999984353,0.0010699999984353,33228
ReddCoin USD,RDD-USD,2019-09-28,0.0010699999984353,0.0011289999820291,0.0009860000573098,0.0011269999668002,0.0011269999668002,80215
ReddCoin USD,RDD-USD,2019-09-29,0.0011269999668002,0.0011449999874457,0.0009650000138208,0.0010529999854043,0.0010529999854043,83058
ReddCoin USD,RDD-USD,2019-09-30,0.0010529999854043,0.0011530000483617,0.0009500000160187,0.0009970000246539,0.0009970000246539,29029
ReddCoin USD,RDD-USD,2019-10-01,0.0009970000246539,0.0011060000397264,0.000988999963738,0.0010829999810084,0.0010829999810084,47381
ReddCoin USD,RDD-USD,2019-10-02,0.0010839999886229,0.0010849999962374,0.0009899999713525,0.0010069999843835,0.0010069999843835,19343
ReddCoin USD,RDD-USD,2019-10-03,0.0010069999843835,0.0010760000441223,0.0009840000420808,0.0009960000170394,0.0009960000170394,13296
ReddCoin USD,RDD-USD,2019-10-04,0.0009960000170394,0.0010669999755918,0.0009779999963939,0.0010620000539347,0.0010620000539347,34610
ReddCoin USD,RDD-USD,2019-10-05,0.0010639999527484,0.0010649999603629,0.0009699999936856,0.0010580000234767,0.0010580000234767,16000
ReddCoin USD,RDD-USD,2019-10-06,0.0010580000234767,0.0010590000310912,0.0009529999806545,0.0009599999757483,0.0009599999757483,24363
ReddCoin USD,RDD-USD,2019-10-07,0.0009590000263415,0.0010659999679774,0.0009469999931752,0.0010509999701753,0.0010509999701753,35492
ReddCoin USD,RDD-USD,2019-10-08,0.0010499999625608,0.0010720000136643,0.0009840000420808,0.0010699999984353,0.0010699999984353,30081
ReddCoin USD,RDD-USD,2019-10-09,0.0010699999984353,0.0012059999862685,0.0009950000094249,0.0010460000485181,0.0010460000485181,78721
ReddCoin USD,RDD-USD,2019-10-10,0.0011149999918416,0.0011159999994561,0.0010189999593421,0.0010319999419152,0.0010319999419152,42995
ReddCoin USD,RDD-USD,2019-10-11,0.0010319999419152,0.0011259999591857,0.0009330000029876,0.0009990000398829,0.0009990000398829,125011
ReddCoin USD,RDD-USD,2019-10-12,0.0010000000474974,0.0010870000114664,0.0009990000398829,0.0010000000474974,0.0010000000474974,36913
ReddCoin USD,RDD-USD,2019-10-13,0.0010000000474974,0.0010910000419244,0.0009919999865815,0.0010519999777898,0.0010519999777898,34599
ReddCoin USD,RDD-USD,2019-10-14,0.0010519999777898,0.0010890000266954,0.0009950000094249,0.0010890000266954,0.0010890000266954,15269
ReddCoin USD,RDD-USD,2019-10-15,0.0010880000190809,0.0010930000571534,0.0009830000344663,0.0009860000573098,0.0009860000573098,27267
ReddCoin USD,RDD-USD,2019-10-16,0.0009860000573098,0.0010659999679774,0.0009570000111125,0.0010239999974146,0.0010239999974146,37186
ReddCoin USD,RDD-USD,2019-10-17,0.0010229999898001,0.0010499999625608,0.0009689999860711,0.0010499999625608,0.0010499999625608,19105
ReddCoin USD,RDD-USD,2019-10-18,0.0010499999625608,0.0010539999930188,0.0009549999958835,0.0009570000111125,0.0009570000111125,30407
ReddCoin USD,RDD-USD,2019-10-19,0.0009570000111125,0.0010460000485181,0.0009529999806545,0.0009599999757483,0.0009599999757483,18727
ReddCoin USD,RDD-USD,2019-10-20,0.0009599999757483,0.0010689999908208,0.000953999988269,0.000986999948509,0.000986999948509,32895
ReddCoin USD,RDD-USD,2019-10-21,0.000986999948509,0.0010740000288933,0.0009790000040084,0.0010509999701753,0.0010509999701753,36444
ReddCoin USD,RDD-USD,2019-10-22,0.0010509999701753,0.0010519999777898,0.000921000028029,0.000921000028029,0.000921000028029,75891
ReddCoin USD,RDD-USD,2019-10-23,0.000921000028029,0.0009699999936856,0.0008210000232793,0.0008329999982379,0.0008329999982379,55720
ReddCoin USD,RDD-USD,2019-10-24,0.0008329999982379,0.0009009999921545,0.0008200000156648,0.0008239999879151,0.0008239999879151,54297
ReddCoin USD,RDD-USD,2019-10-25,0.0008249999955296,0.0009549999958835,0.0007619999814778,0.0009549999958835,0.0009549999958835,110887
ReddCoin USD,RDD-USD,2019-10-26,0.000953999988269,0.0011040000244975,0.0008870000019669,0.0009250000002793,0.0009250000002793,36603
ReddCoin USD,RDD-USD,2019-10-27,0.0009250000002793,0.0015470000216737,0.0009169999975711,0.0009929999941959,0.0009929999941959,223731
ReddCoin USD,RDD-USD,2019-10-28,0.0009919999865815,0.0010349999647587,0.0008789999992586,0.0009670000290498,0.0009670000290498,75275
ReddCoin USD,RDD-USD,2019-10-29,0.0009670000290498,0.0010199999669566,0.0008440000237897,0.0009360000258311,0.0009360000258311,86881
ReddCoin USD,RDD-USD,2019-10-30,0.0009369999752379,0.0009810000192373,0.0008219999726861,0.000921000028029,0.000921000028029,100034
ReddCoin USD,RDD-USD,2019-10-31,0.000921000028029,0.0009720000089146,0.0008280000183731,0.0008309999830089,0.0008309999830089,48708
ReddCoin USD,RDD-USD,2019-11-01,0.0008309999830089,0.0009250000002793,0.0008260000031441,0.0009229999850504,0.0009229999850504,52197
ReddCoin USD,RDD-USD,2019-11-02,0.0009229999850504,0.0009360000258311,0.0008410000009462,0.0009319999953731,0.0009319999953731,38302
ReddCoin USD,RDD-USD,2019-11-03,0.0009319999953731,0.0009360000258311,0.0008299999753944,0.0008350000134669,0.0008350000134669,56283
ReddCoin USD,RDD-USD,2019-11-04,0.0008340000058524,0.0009340000106021,0.0008200000156648,0.0009190000128,0.0009190000128,47283
ReddCoin USD,RDD-USD,2019-11-05,0.0009190000128,0.0009190000128,0.0008099999977275,0.0008449999731965,0.0008449999731965,35905
ReddCoin USD,RDD-USD,2019-11-06,0.0008449999731965,0.0009050000226125,0.0008159999852068,0.0008900000248104,0.0008900000248104,20875
ReddCoin USD,RDD-USD,2019-11-07,0.0008900000248104,0.0009250000002793,0.0008140000281855,0.0009190000128,0.0009190000128,36534
ReddCoin USD,RDD-USD,2019-11-08,0.0009180000051856,0.0009190000128,0.0008019999950192,0.0008779999916441,0.0008779999916441,26693
ReddCoin USD,RDD-USD,2019-11-09,0.0008779999916441,0.0008880000095814,0.0007980000227689,0.0007980000227689,0.0007980000227689,14182
ReddCoin USD,RDD-USD,2019-11-10,0.0007980000227689,0.0009089999948628,0.0007970000151544,0.000904000014998,0.000904000014998,17160
ReddCoin USD,RDD-USD,2019-11-11,0.000904000014998,0.0009069999796338,0.0007019999902695,0.0007890000124461,0.0007890000124461,62145
ReddCoin USD,RDD-USD,2019-11-12,0.0007890000124461,0.0008679999737069,0.0007149999728426,0.0008640000014565,0.0008640000014565,50193
ReddCoin USD,RDD-USD,2019-11-13,0.0008640000014565,0.0008709999965503,0.0007709999918006,0.0008689999813213,0.0008689999813213,31665
ReddCoin USD,RDD-USD,2019-11-14,0.0008689999813213,0.0008699999889358,0.000705000013113,0.0008510000188834,0.0008510000188834,36981
ReddCoin USD,RDD-USD,2019-11-15,0.0008520000264979,0.0008670000243,0.0007229999755509,0.0007989999721758,0.0007989999721758,35940
ReddCoin USD,RDD-USD,2019-11-16,0.0007989999721758,0.0008539999835193,0.0007650000043213,0.0007769999792799,0.0007769999792799,10713
ReddCoin USD,RDD-USD,2019-11-17,0.0007769999792799,0.0008689999813213,0.0007719999994151,0.0007869999972172,0.0007869999972172,22072
ReddCoin USD,RDD-USD,2019-11-18,0.0007869999972172,0.000862999993842,0.0006880000000819,0.0007469999836757,0.0007469999836757,31307
ReddCoin USD,RDD-USD,2019-11-19,0.0007469999836757,0.000813000020571,0.0006709999870508,0.0007420000038109,0.0007420000038109,41890
ReddCoin USD,RDD-USD,2019-11-20,0.0007409999961964,0.0008229999803006,0.0007329999934881,0.000813000020571,0.000813000020571,35965
ReddCoin USD,RDD-USD,2019-11-21,0.0008120000129565,0.000813000020571,0.0006880000000819,0.0007639999967068,0.0007639999967068,49925
ReddCoin USD,RDD-USD,2019-11-22,0.0007639999967068,0.0007680000271648,0.0006249999860301,0.0006590000120922,0.0006590000120922,31562
ReddCoin USD,RDD-USD,2019-11-23,0.0006590000120922,0.0007389999809674,0.0006479999865405,0.0007379999733529,0.0007379999733529,21269
ReddCoin USD,RDD-USD,2019-11-24,0.0007379999733529,0.0007389999809674,0.0006370000191964,0.0006999999750405,0.0006999999750405,77682
ReddCoin USD,RDD-USD,2019-11-25,0.0006999999750405,0.0007200000109151,0.0005910000181756,0.0006350000039674,0.0006350000039674,70714
ReddCoin USD,RDD-USD,2019-11-26,0.0006350000039674,0.0007309999782592,0.0006339999963529,0.000651000009384,0.000651000009384,82892
ReddCoin USD,RDD-USD,2019-11-27,0.0006430000066757,0.0007600000244565,0.0006249999860301,0.0006970000104047,0.0006970000104047,20848
ReddCoin USD,RDD-USD,2019-11-28,0.0006980000180192,0.0007660000119358,0.0006760000251233,0.0007459999760612,0.0007459999760612,39758
ReddCoin USD,RDD-USD,2019-11-29,0.0007450000266544,0.0007730000070296,0.0006740000098943,0.0007709999918006,0.0007709999918006,43517
ReddCoin USD,RDD-USD,2019-11-30,0.0007709999918006,0.0007779999868944,0.0006670000148005,0.0006730000022798,0.0006730000022798,16618
ReddCoin USD,RDD-USD,2019-12-01,0.0006730000022798,0.0007399999885819,0.0006539999740198,0.0007399999885819,0.0007399999885819,68410
ReddCoin USD,RDD-USD,2019-12-02,0.0007399999885819,0.0007800000021234,0.0006520000169984,0.0007309999782592,0.0007309999782592,26025
ReddCoin USD,RDD-USD,2019-12-03,0.0007309999782592,0.0007399999885819,0.000607999972999,0.0006590000120922,0.0006590000120922,110157
ReddCoin USD,RDD-USD,2019-12-04,0.0006590000120922,0.0007350000087171,0.0005869999877177,0.0005910000181756,0.0005910000181756,170993
ReddCoin USD,RDD-USD,2019-12-05,0.0005900000105611,0.0006840000278316,0.0005879999953322,0.0006709999870508,0.0006709999870508,69416
ReddCoin USD,RDD-USD,2019-12-06,0.0006709999870508,0.0006789999897591,0.0005939999828115,0.0006789999897591,0.0006789999897591,44349
ReddCoin USD,RDD-USD,2019-12-07,0.0006370000191964,0.0006949999951757,0.0006150000263005,0.0006169999833218,0.0006169999833218,41971
ReddCoin USD,RDD-USD,2019-12-08,0.0006169999833218,0.0006890000076964,0.0006040000007487,0.0006859999848529,0.0006859999848529,29681
ReddCoin USD,RDD-USD,2019-12-09,0.0006859999848529,0.0006910000229254,0.0005959999980404,0.0005990000208839,0.0005990000208839,34370
ReddCoin USD,RDD-USD,2019-12-10,0.0005990000208839,0.0006760000251233,0.0005830000154674,0.0006559999892488,0.0006559999892488,60384
ReddCoin USD,RDD-USD,2019-12-11,0.0006559999892488,0.0006600000197067,0.0005750000127591,0.000648999994155,0.000648999994155,113185
ReddCoin USD,RDD-USD,2019-12-12,0.000648999994155,0.0006549999816343,0.0005750000127591,0.0006520000169984,0.0006520000169984,127234
ReddCoin USD,RDD-USD,2019-12-13,0.0006520000169984,0.000668000022415,0.0005789999850094,0.000614000018686,0.000614000018686,30010
ReddCoin USD,RDD-USD,2019-12-14,0.000614000018686,0.0006740000098943,0.0005729999975301,0.0006430000066757,0.0006430000066757,15762
ReddCoin USD,RDD-USD,2019-12-15,0.0006419999990612,0.0006530000246129,0.0005709999823011,0.000648999994155,0.000648999994155,10558
ReddCoin USD,RDD-USD,2019-12-16,0.000648999994155,0.000666000007186,0.0005660000024363,0.0006389999762177,0.0006389999762177,31173
ReddCoin USD,RDD-USD,2019-12-17,0.0006389999762177,0.0006419999990612,0.0005360000068321,0.0005959999980404,0.0005959999980404,45594
ReddCoin USD,RDD-USD,2019-12-18,0.0005959999980404,0.0006590000120922,0.0005269999965094,0.0005849999724887,0.0005849999724887,28113
ReddCoin USD,RDD-USD,2019-12-19,0.0005849999724887,0.0006600000197067,0.0005649999948218,0.0006500000017695,0.0006500000017695,19019
ReddCoin USD,RDD-USD,2019-12-20,0.0006500000017695,0.0006580000044777,0.0005750000127591,0.000651000009384,0.000651000009384,30080
ReddCoin USD,RDD-USD,2019-12-21,0.000651000009384,0.000651000009384,0.0005750000127591,0.0005779999773949,0.0005779999773949,20011
ReddCoin USD,RDD-USD,2019-12-22,0.0005779999773949,0.0006740000098943,0.0005770000279881,0.0006019999855197,0.0006019999855197,30422
ReddCoin USD,RDD-USD,2019-12-23,0.0006029999931342,0.0006939999875612,0.0005280000041238,0.0005970000056549,0.0005970000056549,31595
ReddCoin USD,RDD-USD,2019-12-24,0.0005970000056549,0.000607999972999,0.0005200000014156,0.0005879999953322,0.0005879999953322,83003
ReddCoin USD,RDD-USD,2019-12-25,0.0005879999953322,0.0006600000197067,0.0005210000090301,0.0005820000078529,0.0005820000078529,109507
ReddCoin USD,RDD-USD,2019-12-26,0.0005830000154674,0.0007239999831654,0.0005779999773949,0.000651000009384,0.000651000009384,79544
ReddCoin USD,RDD-USD,2019-12-27,0.000651000009384,0.0007300000288523,0.0005900000105611,0.0007249999907799,0.0007249999907799,62206
ReddCoin USD,RDD-USD,2019-12-28,0.0007249999907799,0.0007340000011026,0.0006580000044777,0.000663999991957,0.000663999991957,23902
ReddCoin USD,RDD-USD,2019-12-29,0.000663999991957,0.0007500000065192,0.0006600000197067,0.0006789999897591,0.0006789999897591,22918
ReddCoin USD,RDD-USD,2019-12-30,0.0006789999897591,0.0007450000266544,0.0006590000120922,0.0007249999907799,0.0007249999907799,24726
ReddCoin USD,RDD-USD,2019-12-31,0.0007239999831654,0.0007340000011026,0.0006179999909363,0.0006569999968633,0.0006569999968633,56566
ReddCoin USD,RDD-USD,2020-01-01,0.0006569999968633,0.0007060000207275,0.0006159999757073,0.0006370000191964,0.0006370000191964,12685
ReddCoin USD,RDD-USD,2020-01-02,0.0006370000191964,0.0007079999777488,0.0006270000012591,0.0006329999887384,0.0006329999887384,14649
ReddCoin USD,RDD-USD,2020-01-03,0.0006329999887384,0.0007280000136233,0.0006159999757073,0.0006619999767281,0.0006619999767281,25089
ReddCoin USD,RDD-USD,2020-01-04,0.0006619999767281,0.0007399999885819,0.0006580000044777,0.0006689999718219,0.0006689999718219,13806
ReddCoin USD,RDD-USD,2020-01-05,0.000668000022415,0.0007500000065192,0.000668000022415,0.0007360000163316,0.0007360000163316,26075
ReddCoin USD,RDD-USD,2020-01-06,0.0007370000239461,0.0007759999716654,0.0006689999718219,0.0006999999750405,0.0006999999750405,41935
ReddCoin USD,RDD-USD,2020-01-07,0.0006990000256337,0.0007970000151544,0.0006990000256337,0.0007370000239461,0.0007370000239461,27500
ReddCoin USD,RDD-USD,2020-01-08,0.0007370000239461,0.0008149999775923,0.0006419999990612,0.0006500000017695,0.0006500000017695,41910
ReddCoin USD,RDD-USD,2020-01-09,0.000648999994155,0.000722000026144,0.0006309999735094,0.000707000028342,0.000707000028342,17601
ReddCoin USD,RDD-USD,2020-01-10,0.0007060000207275,0.0007089999853633,0.0006189999985508,0.0006549999816343,0.0006549999816343,35118
ReddCoin USD,RDD-USD,2020-01-11,0.0006549999816343,0.0007309999782592,0.0006440000142902,0.0007179999956861,0.0007179999956861,42987
ReddCoin USD,RDD-USD,2020-01-12,0.0007159999804571,0.0007340000011026,0.0006409999914467,0.0006580000044777,0.0006580000044777,21808
ReddCoin USD,RDD-USD,2020-01-13,0.0006580000044777,0.0007350000087171,0.000646999978926,0.0006520000169984,0.0006520000169984,27860
ReddCoin USD,RDD-USD,2020-01-14,0.0006530000246129,0.0007650000043213,0.0006520000169984,0.0007350000087171,0.0007350000087171,79668
ReddCoin USD,RDD-USD,2020-01-15,0.0007350000087171,0.0007910000276751,0.0006189999985508,0.0007019999902695,0.0007019999902695,264539
ReddCoin USD,RDD-USD,2020-01-16,0.0007019999902695,0.0007869999972172,0.0006070000235922,0.000702999997884,0.000702999997884,69377
ReddCoin USD,RDD-USD,2020-01-17,0.000702999997884,0.000793999992311,0.0006220000213943,0.0007110000005923,0.0007110000005923,110070
ReddCoin USD,RDD-USD,2020-01-18,0.0007110000005923,0.0007149999728426,0.0006230000290088,0.0006319999811239,0.0006319999811239,49853
ReddCoin USD,RDD-USD,2020-01-19,0.0006319999811239,0.0007149999728426,0.0006040000007487,0.0006109999958425,0.0006109999958425,88650
ReddCoin USD,RDD-USD,2020-01-20,0.0006109999958425,0.0006949999951757,0.0006000000284984,0.0006779999821446,0.0006779999821446,20359
ReddCoin USD,RDD-USD,2020-01-21,0.0006779999821446,0.0006929999799467,0.0006060000159777,0.0006150000263005,0.0006150000263005,47061
ReddCoin USD,RDD-USD,2020-01-22,0.000614000018686,0.0006939999875612,0.0006070000235922,0.0006239999784156,0.0006239999784156,45508
ReddCoin USD,RDD-USD,2020-01-23,0.0006249999860301,0.0007399999885819,0.0006009999779053,0.000668000022415,0.000668000022415,63682
ReddCoin USD,RDD-USD,2020-01-24,0.0006689999718219,0.0007629999890923,0.0006409999914467,0.0006629999843426,0.0006629999843426,60037
ReddCoin USD,RDD-USD,2020-01-25,0.0006409999914467,0.0007440000190399,0.0006339999963529,0.0006740000098943,0.0006740000098943,11672
ReddCoin USD,RDD-USD,2020-01-26,0.0006740000098943,0.0007680000271648,0.0006040000007487,0.0006880000000819,0.0006880000000819,47583
ReddCoin USD,RDD-USD,2020-01-27,0.0006890000076964,0.000791999977082,0.0006040000007487,0.0006789999897591,0.0006789999897591,47239
ReddCoin USD,RDD-USD,2020-01-28,0.0006779999821446,0.0008050000178627,0.0006309999735094,0.0006750000175088,0.0006750000175088,56610
ReddCoin USD,RDD-USD,2020-01-29,0.0006750000175088,0.0007500000065192,0.0006549999816343,0.0007280000136233,0.0007280000136233,34141
ReddCoin USD,RDD-USD,2020-01-30,0.0007280000136233,0.0008280000183731,0.0006530000246129,0.0007619999814778,0.0007619999814778,76722
ReddCoin USD,RDD-USD,2020-01-31,0.0007619999814778,0.0008219999726861,0.0006520000169984,0.0006619999767281,0.0006619999767281,29406
ReddCoin USD,RDD-USD,2020-02-01,0.0006619999767281,0.0008309999830089,0.0006600000197067,0.0008290000259876,0.0008290000259876,22837
ReddCoin USD,RDD-USD,2020-02-02,0.0008290000259876,0.0008290000259876,0.0006629999843426,0.0007309999782592,0.0007309999782592,58706
ReddCoin USD,RDD-USD,2020-02-03,0.0007309999782592,0.0007479999912902,0.000646999978926,0.0007300000288523,0.0007300000288523,70750
ReddCoin USD,RDD-USD,2020-02-04,0.0007300000288523,0.0007800000021234,0.0006230000290088,0.0006970000104047,0.0006970000104047,87226
ReddCoin USD,RDD-USD,2020-02-05,0.0006970000104047,0.0008430000161752,0.0006459999713115,0.0007709999918006,0.0007709999918006,72996
ReddCoin USD,RDD-USD,2020-02-06,0.0007719999994151,0.0008800000068731,0.0006740000098943,0.0008740000193938,0.0008740000193938,124902
ReddCoin USD,RDD-USD,2020-02-07,0.0008740000193938,0.0009260000078938,0.0007830000249668,0.000806999974884,0.000806999974884,73409
ReddCoin USD,RDD-USD,2020-02-08,0.000806999974884,0.0008759999764151,0.0007769999792799,0.0008740000193938,0.0008740000193938,41167
ReddCoin USD,RDD-USD,2020-02-09,0.0008740000193938,0.0009110000100918,0.0007929999846965,0.0009100000024773,0.0009100000024773,93436
ReddCoin USD,RDD-USD,2020-02-10,0.0009110000100918,0.0009139999747276,0.0007849999819882,0.0008849999867379,0.0008849999867379,79941
ReddCoin USD,RDD-USD,2020-02-11,0.0008849999867379,0.000901999999769,0.0007830000249668,0.000901999999769,0.000901999999769,69768
ReddCoin USD,RDD-USD,2020-02-12,0.000901999999769,0.0009980000322684,0.000791999977082,0.0009130000253207,0.0009130000253207,386839
ReddCoin USD,RDD-USD,2020-02-13,0.0009130000253207,0.001016000052914,0.0008919999818317,0.0009950000094249,0.0009950000094249,195361
ReddCoin USD,RDD-USD,2020-02-14,0.0009950000094249,0.0010339999571442,0.0008939999970607,0.0009689999860711,0.0009689999860711,133502
ReddCoin USD,RDD-USD,2020-02-15,0.0009689999860711,0.0012120000319555,0.0008909999742172,0.0010799999581649,0.0010799999581649,611281
ReddCoin USD,RDD-USD,2020-02-16,0.0010799999581649,0.0010939999483525,0.0008789999992586,0.0009929999941959,0.0009929999941959,183497
ReddCoin USD,RDD-USD,2020-02-17,0.0009929999941959,0.0010740000288933,0.0008699999889358,0.0009490000084042,0.0009490000084042,104633
ReddCoin USD,RDD-USD,2020-02-18,0.0009490000084042,0.0010849999962374,0.0008570000063627,0.0010010000551119,0.0010010000551119,161710
ReddCoin USD,RDD-USD,2020-02-19,0.0010010000551119,0.001101000001654,0.0008660000166855,0.000956000003498,0.000956000003498,118008
ReddCoin USD,RDD-USD,2020-02-20,0.000956000003498,0.0009640000062063,0.0008570000063627,0.0009609999833628,0.0009609999833628,115092
ReddCoin USD,RDD-USD,2020-02-21,0.0009609999833628,0.0010189999593421,0.0008670000243,0.0009740000241436,0.0009740000241436,55256
ReddCoin USD,RDD-USD,2020-02-22,0.0009740000241436,0.001007999991998,0.0008679999737069,0.0009239999926649,0.0009239999926649,48661
ReddCoin USD,RDD-USD,2020-02-23,0.0009239999926649,0.0009860000573098,0.0008779999916441,0.0008950000046752,0.0008950000046752,81220
ReddCoin USD,RDD-USD,2020-02-24,0.0008960000122897,0.0009820000268518,0.000850000011269,0.0008660000166855,0.0008660000166855,78622
ReddCoin USD,RDD-USD,2020-02-25,0.0008660000166855,0.0009440000285394,0.0008210000232793,0.0008370000286959,0.0008370000286959,31671
ReddCoin USD,RDD-USD,2020-02-26,0.0008370000286959,0.0009159999899566,0.0007800000021234,0.0007880000048317,0.0007880000048317,125779
ReddCoin USD,RDD-USD,2020-02-27,0.0007880000048317,0.0008829999715089,0.000700999982655,0.000791999977082,0.000791999977082,70602
ReddCoin USD,RDD-USD,2020-02-28,0.0007929999846965,0.0008759999764151,0.000700999982655,0.0008309999830089,0.0008309999830089,91103
ReddCoin USD,RDD-USD,2020-02-29,0.0008309999830089,0.0008570000063627,0.0007479999912902,0.0008469999884255,0.0008469999884255,105676
ReddCoin USD,RDD-USD,2020-03-01,0.0008469999884255,0.0009449999779462,0.0007689999765716,0.0009330000029876,0.0009330000029876,237285
ReddCoin USD,RDD-USD,2020-03-02,0.0009330000029876,0.0009720000089146,0.0008529999759048,0.0009660000214353,0.0009660000214353,38614
ReddCoin USD,RDD-USD,2020-03-03,0.0008870000019669,0.0009679999784566,0.0008709999965503,0.00095199997304,0.00095199997304,38577
ReddCoin USD,RDD-USD,2020-03-04,0.0009510000236332,0.0009549999958835,0.0008559999987483,0.000953999988269,0.000953999988269,73602
ReddCoin USD,RDD-USD,2020-03-05,0.000953999988269,0.0010620000539347,0.0008689999813213,0.0009810000192373,0.0009810000192373,86968
ReddCoin USD,RDD-USD,2020-03-06,0.0009810000192373,0.0010710000060498,0.0008960000122897,0.0009389999904669,0.0009389999904669,86217
ReddCoin USD,RDD-USD,2020-03-07,0.0009389999904669,0.0010639999527484,0.0008960000122897,0.0009860000573098,0.0009860000573098,21599
ReddCoin USD,RDD-USD,2020-03-08,0.0009860000573098,0.0010639999527484,0.000793999992311,0.0008200000156648,0.0008200000156648,56162
ReddCoin USD,RDD-USD,2020-03-09,0.0008190000080503,0.0008510000188834,0.0007329999934881,0.0008510000188834,0.0008510000188834,109344
ReddCoin USD,RDD-USD,2020-03-10,0.0008520000264979,0.0008919999818317,0.0007800000021234,0.0007989999721758,0.0007989999721758,34848
ReddCoin USD,RDD-USD,2020-03-11,0.0007989999721758,0.0008730000117793,0.0007699999841861,0.0007910000276751,0.0007910000276751,75489
ReddCoin USD,RDD-USD,2020-03-12,0.0007910000276751,0.000791999977082,0.000478000001749,0.000478000001749,0.000478000001749,125133
ReddCoin USD,RDD-USD,2020-03-13,0.000478000001749,0.0006230000290088,0.0003929999948013,0.0005920000257901,0.0005920000257901,167017
ReddCoin USD,RDD-USD,2020-03-14,0.000594999990426,0.0006060000159777,0.0005089999758638,0.0005590000073425,0.0005590000073425,51709
ReddCoin USD,RDD-USD,2020-03-15,0.0005590000073425,0.000607999972999,0.0004769999941345,0.0005370000144466,0.0005370000144466,160989
ReddCoin USD,RDD-USD,2020-03-16,0.0005370000144466,0.0005370000144466,0.0004100000078324,0.0005000000237487,0.0005000000237487,92388
ReddCoin USD,RDD-USD,2020-03-17,0.0005000000237487,0.0005050000036135,0.0004100000078324,0.0004699999990407,0.0004699999990407,200641
ReddCoin USD,RDD-USD,2020-03-18,0.0004680000129155,0.0005290000117383,0.0004220000118948,0.0004720000142697,0.0004720000142697,43159
ReddCoin USD,RDD-USD,2020-03-19,0.0004710000066552,0.0006309999735094,0.0004710000066552,0.0006169999833218,0.0006169999833218,68552
ReddCoin USD,RDD-USD,2020-03-20,0.0006169999833218,0.0006810000049881,0.0005360000068321,0.0005569999921135,0.0005569999921135,86556
ReddCoin USD,RDD-USD,2020-03-21,0.000557999999728,0.0006169999833218,0.0005329999839887,0.000614000018686,0.000614000018686,44236
ReddCoin USD,RDD-USD,2020-03-22,0.000614000018686,0.0006329999887384,0.0005150000215508,0.0005660000024363,0.0005660000024363,65279
ReddCoin USD,RDD-USD,2020-03-23,0.0005660000024363,0.0006370000191964,0.0005050000036135,0.0006360000115819,0.0006360000115819,32013
ReddCoin USD,RDD-USD,2020-03-24,0.0006360000115819,0.000651000009384,0.0005569999921135,0.0005879999953322,0.0005879999953322,34989
ReddCoin USD,RDD-USD,2020-03-25,0.0005879999953322,0.0006699999794363,0.0005789999850094,0.0006569999968633,0.0006569999968633,24458
ReddCoin USD,RDD-USD,2020-03-26,0.0006569999968633,0.0006600000197067,0.0004870000120718,0.0005380000220611,0.0005380000220611,85884
ReddCoin USD,RDD-USD,2020-03-27,0.0005380000220611,0.000668000022415,0.0005370000144466,0.0005810000002384,0.0005810000002384,118925
ReddCoin USD,RDD-USD,2020-03-28,0.0005820000078529,0.0006360000115819,0.0004930000286549,0.0006220000213943,0.0006220000213943,20003
ReddCoin USD,RDD-USD,2020-03-29,0.0006220000213943,0.0006230000290088,0.0005329999839887,0.0005900000105611,0.0005900000105611,32639
ReddCoin USD,RDD-USD,2020-03-30,0.0005900000105611,0.000646999978926,0.0005310000269673,0.0006409999914467,0.0006409999914467,28418
ReddCoin USD,RDD-USD,2020-03-31,0.0006389999762177,0.000646999978926,0.0005649999948218,0.0006239999784156,0.0006239999784156,24743
ReddCoin USD,RDD-USD,2020-04-01,0.0006239999784156,0.0006409999914467,0.0005489999894052,0.0006409999914467,0.0006409999914467,25755
ReddCoin USD,RDD-USD,2020-04-02,0.0006409999914467,0.0007079999777488,0.0005910000181756,0.0006799999973736,0.0006799999973736,50721
ReddCoin USD,RDD-USD,2020-04-03,0.0006789999897591,0.0006960000027902,0.0006000000284984,0.0006070000235922,0.0006070000235922,40639
ReddCoin USD,RDD-USD,2020-04-04,0.0006070000235922,0.0006820000126026,0.0006029999931342,0.0006779999821446,0.0006779999821446,28281
ReddCoin USD,RDD-USD,2020-04-05,0.0006779999821446,0.0006820000126026,0.0006089999806135,0.000612000003457,0.000612000003457,57338
ReddCoin USD,RDD-USD,2020-04-06,0.000612000003457,0.0007249999907799,0.000609999988228,0.0007239999831654,0.0007239999831654,43470
ReddCoin USD,RDD-USD,2020-04-07,0.0007239999831654,0.0007379999733529,0.0006419999990612,0.0006459999713115,0.0006459999713115,52359
ReddCoin USD,RDD-USD,2020-04-08,0.0006459999713115,0.0007210000185295,0.0006409999914467,0.0007140000234358,0.0007140000234358,46094
ReddCoin USD,RDD-USD,2020-04-09,0.0007140000234358,0.0007980000227689,0.000651000009384,0.0007300000288523,0.0007300000288523,140860
ReddCoin USD,RDD-USD,2020-04-10,0.0007300000288523,0.0008009999874047,0.0006130000110715,0.0006849999772384,0.0006849999772384,26170
ReddCoin USD,RDD-USD,2020-04-11,0.0006849999772384,0.0006900000153109,0.0006040000007487,0.0006150000263005,0.0006150000263005,94225
ReddCoin USD,RDD-USD,2020-04-12,0.0006150000263005,0.0007089999853633,0.0006109999958425,0.0006270000012591,0.0006270000012591,23270
ReddCoin USD,RDD-USD,2020-04-13,0.0006270000012591,0.0006910000229254,0.0005740000051446,0.0006319999811239,0.0006319999811239,44614
ReddCoin USD,RDD-USD,2020-04-14,0.0006329999887384,0.0006919999723322,0.0005900000105611,0.000614000018686,0.000614000018686,14075
ReddCoin USD,RDD-USD,2020-04-15,0.000614000018686,0.0006880000000819,0.0005920000257901,0.0006590000120922,0.0006590000120922,75280
ReddCoin USD,RDD-USD,2020-04-16,0.0006590000120922,0.0007120000082068,0.0005910000181756,0.0007110000005923,0.0007110000005923,54997
ReddCoin USD,RDD-USD,2020-04-17,0.0007120000082068,0.0009640000062063,0.0006409999914467,0.000921000028029,0.000921000028029,664482
ReddCoin USD,RDD-USD,2020-04-18,0.0009159999899566,0.0009640000062063,0.0007399999885819,0.000759000016842,0.000759000016842,669648
ReddCoin USD,RDD-USD,2020-04-19,0.0007629999890923,0.0010580000234767,0.0007099999929778,0.0008679999737069,0.0008679999737069,703763
ReddCoin USD,RDD-USD,2020-04-20,0.0008670000243,0.0009740000241436,0.0007290000212378,0.0008960000122897,0.0008960000122897,657410
ReddCoin USD,RDD-USD,2020-04-21,0.0008789999992586,0.0009079999872483,0.0006980000180192,0.0007670000195503,0.0007670000195503,579888
ReddCoin USD,RDD-USD,2020-04-22,0.0007719999994151,0.0008870000019669,0.0006580000044777,0.0008440000237897,0.0008440000237897,712954
ReddCoin USD,RDD-USD,2020-04-23,0.000850000011269,0.0009030000073835,0.0006939999875612,0.0008660000166855,0.0008660000166855,666828
ReddCoin USD,RDD-USD,2020-04-24,0.0008740000193938,0.0009619999909773,0.0007319999858736,0.0008149999775923,0.0008149999775923,694853
ReddCoin USD,RDD-USD,2020-04-25,0.000811000005342,0.0010939999483525,0.0007609999738633,0.0008399999933317,0.0008399999933317,715113
ReddCoin USD,RDD-USD,2020-04-26,0.0008559999987483,0.0009319999953731,0.0007300000288523,0.0008410000009462,0.0008410000009462,658749
ReddCoin USD,RDD-USD,2020-04-27,0.0008329999982379,0.0009699999936856,0.0007350000087171,0.0009159999899566,0.0009159999899566,737698
ReddCoin USD,RDD-USD,2020-04-28,0.0009219999774359,0.001007999991998,0.0007580000092275,0.0009710000013001,0.0009710000013001,747363
ReddCoin USD,RDD-USD,2020-04-29,0.0009640000062063,0.0010169999441131,0.0007789999945089,0.0009699999936856,0.0009699999936856,844704
ReddCoin USD,RDD-USD,2020-04-30,0.0009280000231228,0.0010870000114664,0.0009110000100918,0.001005999976769,0.001005999976769,774621
ReddCoin USD,RDD-USD,2020-05-01,0.0009919999865815,0.0010939999483525,0.0008779999916441,0.0009769999887794,0.0009769999887794,855070
ReddCoin USD,RDD-USD,2020-05-02,0.0009860000573098,0.0012349999742582,0.0009030000073835,0.0009459999855607,0.0009459999855607,645973
ReddCoin USD,RDD-USD,2020-05-03,0.0009459999855607,0.0011500000255182,0.0009130000253207,0.0009159999899566,0.0009159999899566,592875
ReddCoin USD,RDD-USD,2020-05-04,0.0009180000051856,0.0011470000026747,0.000850000011269,0.0010669999755918,0.0010669999755918,794819
ReddCoin USD,RDD-USD,2020-05-05,0.0010799999581649,0.0011569999624043,0.000904000014998,0.0011020000092685,0.0011020000092685,1491937
ReddCoin USD,RDD-USD,2020-05-06,0.001101000001654,0.0017059999518096,0.0010979999788105,0.0015719999792054,0.0015719999792054,5528620
ReddCoin USD,RDD-USD,2020-05-07,0.0015689999563619,0.001719000050798,0.0013610000023618,0.0014750000555068,0.0014750000555068,1352458
ReddCoin USD,RDD-USD,2020-05-08,0.0014750000555068,0.0016769999638199,0.0013549999566748,0.0014710000250488,0.0014710000250488,769024
ReddCoin USD,RDD-USD,2020-05-09,0.0014730000402778,0.0016680000117048,0.0014410000294446,0.0016230000182986,0.0016230000182986,364186
ReddCoin USD,RDD-USD,2020-05-10,0.0016210000030696,0.0016210000030696,0.0012679999927058,0.0013899999903514,0.0013899999903514,374438
ReddCoin USD,RDD-USD,2020-05-11,0.0013899999903514,0.0022179998923093,0.0013830000534653,0.0020349998958408,0.0020349998958408,2571716
ReddCoin USD,RDD-USD,2020-05-12,0.0019570000004023,0.0022380000445991,0.0018339999951422,0.0021200000774115,0.0021200000774115,2019309
ReddCoin USD,RDD-USD,2020-05-13,0.0021200000774115,0.0022070000413805,0.001914000022225,0.0020729999523609,0.0020729999523609,1135092
ReddCoin USD,RDD-USD,2020-05-14,0.002064999891445,0.0022879999596625,0.0019970000721514,0.0021250001154839,0.0021250001154839,801585
ReddCoin USD,RDD-USD,2020-05-15,0.0021250001154839,0.0021689999848604,0.0017079999670386,0.0019450000254437,0.0019450000254437,1310435
ReddCoin USD,RDD-USD,2020-05-16,0.0019440000178292,0.0020860000513494,0.0017879999941214,0.0018639999907463,0.0018639999907463,521079
ReddCoin USD,RDD-USD,2020-05-17,0.0018639999907463,0.0020069999154657,0.001808000029996,0.0018309999722987,0.0018309999722987,377377
ReddCoin USD,RDD-USD,2020-05-18,0.0018309999722987,0.0019710001070052,0.0015780000248923,0.0016489999834448,0.0016489999834448,602457
ReddCoin USD,RDD-USD,2020-05-19,0.0016479999758303,0.0017160000279545,0.001492999959737,0.0016240000259131,0.0016240000259131,467578
ReddCoin USD,RDD-USD,2020-05-20,0.0016250000335276,0.001713000005111,0.0013830000534653,0.0014860000228509,0.0014860000228509,550582
ReddCoin USD,RDD-USD,2020-05-21,0.0014860000228509,0.001585999969393,0.0013490000274032,0.0014430000446736,0.0014430000446736,325820
ReddCoin USD,RDD-USD,2020-05-22,0.0014430000446736,0.0015480000292882,0.0013460000045597,0.0015379999531432,0.0015379999531432,357294
ReddCoin USD,RDD-USD,2020-05-23,0.0015379999531432,0.0015620000194758,0.0014299999456852,0.0015360000543296,0.0015360000543296,156750
ReddCoin USD,RDD-USD,2020-05-24,0.0015360000543296,0.0016779999714344,0.0014159999554976,0.0016270000487565,0.0016270000487565,718128
ReddCoin USD,RDD-USD,2020-05-25,0.0016230000182986,0.0016870000399649,0.0015129999956116,0.001518000033684,0.001518000033684,319568
ReddCoin USD,RDD-USD,2020-05-26,0.001518000033684,0.0017030000453814,0.001494999974966,0.001583999954164,0.001583999954164,232651
ReddCoin USD,RDD-USD,2020-05-27,0.001583999954164,0.0016769999638199,0.0015050000511109,0.0015529999509453,0.0015529999509453,351708
ReddCoin USD,RDD-USD,2020-05-28,0.0015529999509453,0.0016499999910593,0.0014339999761432,0.0014860000228509,0.0014860000228509,238931
ReddCoin USD,RDD-USD,2020-05-29,0.0014860000228509,0.0016540000215172,0.0013749999925494,0.0014669999945908,0.0014669999945908,311077
ReddCoin USD,RDD-USD,2020-05-30,0.0014669999945908,0.0016039999900385,0.0013760000001639,0.0014560000272467,0.0014560000272467,252603
ReddCoin USD,RDD-USD,2020-05-31,0.0014560000272467,0.0015460000140592,0.001384999952279,0.0014819999923929,0.0014819999923929,154656
ReddCoin USD,RDD-USD,2020-06-01,0.0014809999847784,0.0016789999790489,0.0013620000099763,0.001583999954164,0.001583999954164,213754
ReddCoin USD,RDD-USD,2020-06-02,0.001583999954164,0.0017209999496117,0.0015050000511109,0.0016120000509545,0.0016120000509545,161845
ReddCoin USD,RDD-USD,2020-06-03,0.0016129999421536,0.0016159999649971,0.0014349999837577,0.0014880000380799,0.0014880000380799,406168
ReddCoin USD,RDD-USD,2020-06-04,0.0014410000294446,0.0015729999868199,0.0013500000350177,0.0015519999433308,0.0015519999433308,321530
ReddCoin USD,RDD-USD,2020-06-05,0.0015519999433308,0.0015589999966323,0.0014349999837577,0.0014369999989867,0.0014369999989867,100452
ReddCoin USD,RDD-USD,2020-06-06,0.0014369999989867,0.0015229999553412,0.0013229999458417,0.0013360000448301,0.0013360000448301,351236
ReddCoin USD,RDD-USD,2020-06-07,0.0013350000372156,0.0014369999989867,0.0012529999949038,0.001386999967508,0.001386999967508,720319
ReddCoin USD,RDD-USD,2020-06-08,0.001386999967508,0.0014199999859556,0.0012219999916851,0.0013490000274032,0.0013490000274032,232891
ReddCoin USD,RDD-USD,2020-06-09,0.0013490000274032,0.0013620000099763,0.0011630000080913,0.0013599999947473,0.0013599999947473,468113
ReddCoin USD,RDD-USD,2020-06-10,0.0013599999947473,0.0013749999925494,0.0011800000211223,0.001291999942623,0.001291999942623,216764
ReddCoin USD,RDD-USD,2020-06-11,0.001291999942623,0.0013800000306218,0.0011919999960809,0.0012080000014975,0.0012080000014975,213215
ReddCoin USD,RDD-USD,2020-06-12,0.0012080000014975,0.0013099999632686,0.001202999963425,0.0013010000111535,0.0013010000111535,91709
ReddCoin USD,RDD-USD,2020-06-13,0.001302000018768,0.0016830000095069,0.0011249999515712,0.0014159999554976,0.0014159999554976,773909
ReddCoin USD,RDD-USD,2020-06-14,0.0014159999554976,0.0015970000531524,0.0013960000360384,0.001403999980539,0.001403999980539,371671
ReddCoin USD,RDD-USD,2020-06-15,0.001403999980539,0.0015140000032261,0.0012499999720603,0.0014110000338405,0.0014110000338405,421487
ReddCoin USD,RDD-USD,2020-06-16,0.0014110000338405,0.0015290000010281,0.0013259999686852,0.0014280000468716,0.0014280000468716,401395
ReddCoin USD,RDD-USD,2020-06-17,0.0014280000468716,0.0015210000565275,0.0013060000492259,0.0013289999915286,0.0013289999915286,248039
ReddCoin USD,RDD-USD,2020-06-18,0.0013289999915286,0.0014169999631121,0.0011279999744147,0.0012199999764561,0.0012199999764561,1133246
ReddCoin USD,RDD-USD,2020-06-19,0.0012209999840706,0.0013129999861121,0.0011129999766126,0.001118000014685,0.001118000014685,596905
ReddCoin USD,RDD-USD,2020-06-20,0.001118000014685,0.0012229999992996,0.0011129999766126,0.0011190000222995,0.0011190000222995,361653
ReddCoin USD,RDD-USD,2020-06-21,0.001202999963425,0.0012219999916851,0.0011259999591857,0.001202999963425,0.001202999963425,198270
ReddCoin USD,RDD-USD,2020-06-22,0.0012019999558106,0.0013460000045597,0.001105000032112,0.0012629999546334,0.0012629999546334,327667
ReddCoin USD,RDD-USD,2020-06-23,0.0012629999546334,0.0013480000197887,0.0011739999754354,0.0012499999720603,0.0012499999720603,248473
ReddCoin USD,RDD-USD,2020-06-24,0.0012499999720603,0.0012829999905079,0.0011980000417679,0.001204999978654,0.001204999978654,195430
ReddCoin USD,RDD-USD,2020-06-25,0.0012059999862685,0.0012690000003203,0.001098999986425,0.0011820000363513,0.0011820000363513,116215
ReddCoin USD,RDD-USD,2020-06-26,0.0011810000287368,0.0012179999612271,0.001101000001654,0.0011650000233203,0.0011650000233203,202435
ReddCoin USD,RDD-USD,2020-06-27,0.001189999980852,0.0012209999840706,0.0011510000331327,0.0011699999449774,0.0011699999449774,175033
ReddCoin USD,RDD-USD,2020-06-28,0.0011699999449774,0.0012100000167265,0.0011459999950602,0.0011609999928623,0.0011609999928623,192758
ReddCoin USD,RDD-USD,2020-06-29,0.0011609999928623,0.0012179999612271,0.0011599999852478,0.001204999978654,0.001204999978654,177694
ReddCoin USD,RDD-USD,2020-06-30,0.0012039999710395,0.0012189999688416,0.0011769999982789,0.0012039999710395,0.0012039999710395,195026
ReddCoin USD,RDD-USD,2020-07-01,0.0012039999710395,0.0012349999742582,0.0011810000287368,0.0011990000493824,0.0011990000493824,188727
ReddCoin USD,RDD-USD,2020-07-02,0.0011990000493824,0.0012969999806955,0.0011709999525919,0.001185999950394,0.001185999950394,81182
ReddCoin USD,RDD-USD,2020-07-03,0.0012730000307783,0.0012809999752789,0.0011429999722167,0.0011520000407472,0.0011520000407472,82614
ReddCoin USD,RDD-USD,2020-07-04,0.0011530000483617,0.0012720000231638,0.0010770000517368,0.0011759999906644,0.0011759999906644,211569
ReddCoin USD,RDD-USD,2020-07-05,0.0010930000571534,0.0012290000449866,0.0010659999679774,0.001077999942936,0.001077999942936,166140
ReddCoin USD,RDD-USD,2020-07-06,0.001077999942936,0.0012989999959245,0.001077999942936,0.0012890000361949,0.0012890000361949,185099
ReddCoin USD,RDD-USD,2020-07-07,0.0012890000361949,0.0013810000382363,0.0011950000189244,0.0012929999502375,0.0012929999502375,358319
ReddCoin USD,RDD-USD,2020-07-08,0.0012929999502375,0.001412000041455,0.001202999963425,0.001408000010997,0.001408000010997,226792
ReddCoin USD,RDD-USD,2020-07-09,0.001408000010997,0.001410000026226,0.0012779999524354,0.0012860000133514,0.0012860000133514,175290
ReddCoin USD,RDD-USD,2020-07-10,0.0012860000133514,0.0013640000252053,0.0011830000439658,0.0012039999710395,0.0012039999710395,186193
ReddCoin USD,RDD-USD,2020-07-11,0.0012039999710395,0.001293999957852,0.0011960000265389,0.001202999963425,0.001202999963425,121515
ReddCoin USD,RDD-USD,2020-07-12,0.001202999963425,0.001295999973081,0.0011909999884665,0.0012059999862685,0.0012059999862685,84032
ReddCoin USD,RDD-USD,2020-07-13,0.0012059999862685,0.0012989999959245,0.0011980000417679,0.0012100000167265,0.0012100000167265,93952
ReddCoin USD,RDD-USD,2020-07-14,0.0012039999710395,0.0012860000133514,0.0011589999776333,0.0012400000123307,0.0012400000123307,93759
ReddCoin USD,RDD-USD,2020-07-15,0.0011670000385493,0.0012949999654665,0.0011650000233203,0.0012000000569969,0.0012000000569969,64629
ReddCoin USD,RDD-USD,2020-07-16,0.0012000000569969,0.0012870000209659,0.0011780000058934,0.0011869999580085,0.0011869999580085,87759
ReddCoin USD,RDD-USD,2020-07-17,0.0011869999580085,0.0012829999905079,0.0011800000211223,0.0012710000155493,0.0012710000155493,57717
ReddCoin USD,RDD-USD,2020-07-18,0.0012710000155493,0.0012860000133514,0.0011820000363513,0.0011889999732375,0.0011889999732375,74473
ReddCoin USD,RDD-USD,2020-07-19,0.0011889999732375,0.0012850000057369,0.0011830000439658,0.0011970000341534,0.0011970000341534,72414
ReddCoin USD,RDD-USD,2020-07-20,0.0011980000417679,0.0012799999676644,0.0011040000244975,0.0011919999960809,0.0011919999960809,372400
ReddCoin USD,RDD-USD,2020-07-21,0.0011919999960809,0.0013070000568404,0.001185999950394,0.00129799998831,0.00129799998831,264552
ReddCoin USD,RDD-USD,2020-07-22,0.00129799998831,0.0013180000241845,0.0012100000167265,0.0012339999666437,0.0012339999666437,99165
ReddCoin USD,RDD-USD,2020-07-23,0.0012339999666437,0.0013370000524446,0.0012260000221431,0.0012440000427886,0.0012440000427886,88546
ReddCoin USD,RDD-USD,2020-07-24,0.0012440000427886,0.0013419999741017,0.0012290000449866,0.0012379999971017,0.0012379999971017,143569
ReddCoin USD,RDD-USD,2020-07-25,0.0012379999971017,0.0013429999817162,0.0011520000407472,0.0012570000253617,0.0012570000253617,411137
ReddCoin USD,RDD-USD,2020-07-26,0.0012570000253617,0.0012910000514239,0.0011589999776333,0.0011800000211223,0.0011800000211223,178666
ReddCoin USD,RDD-USD,2020-07-27,0.0011800000211223,0.0013089999556541,0.0010880000190809,0.001103000016883,0.001103000016883,510422
ReddCoin USD,RDD-USD,2020-07-28,0.0011020000092685,0.0013350000372156,0.0010920000495389,0.0011970000341534,0.0011970000341534,258280
ReddCoin USD,RDD-USD,2020-07-29,0.0011980000417679,0.0013439999893307,0.0011919999960809,0.0012179999612271,0.0012179999612271,137452
ReddCoin USD,RDD-USD,2020-07-30,0.0012189999688416,0.0014159999554976,0.0011869999580085,0.0012229999992996,0.0012229999992996,450339
ReddCoin USD,RDD-USD,2020-07-31,0.0012229999992996,0.0013680000556632,0.0012100000167265,0.0013399999588727,0.0013399999588727,157827
ReddCoin USD,RDD-USD,2020-08-01,0.0013399999588727,0.0013970000436529,0.0012390000047162,0.0013960000360384,0.0013960000360384,139214
ReddCoin USD,RDD-USD,2020-08-02,0.0013960000360384,0.0014260000316426,0.0012019999558106,0.0012169999536126,0.0012169999536126,311946
ReddCoin USD,RDD-USD,2020-08-03,0.0012169999536126,0.0013709999620914,0.001206999993883,0.0012850000057369,0.0012850000057369,364236
ReddCoin USD,RDD-USD,2020-08-04,0.0012379999971017,0.0013999999500811,0.0012229999992996,0.0013429999817162,0.0013429999817162,159527
ReddCoin USD,RDD-USD,2020-08-05,0.0013439999893307,0.0014519999967887,0.0012339999666437,0.001408000010997,0.001408000010997,265506
ReddCoin USD,RDD-USD,2020-08-06,0.001408000010997,0.0015330000314861,0.0012789999600499,0.0015259999781847,0.0015259999781847,427848
ReddCoin USD,RDD-USD,2020-08-07,0.0015259999781847,0.0015330000314861,0.0012639999622479,0.0013920000055804,0.0013920000055804,192918
ReddCoin USD,RDD-USD,2020-08-08,0.0013920000055804,0.0014169999631121,0.0012819999828934,0.0013150000013411,0.0013150000013411,121326
ReddCoin USD,RDD-USD,2020-08-09,0.0013150000013411,0.001412000041455,0.0012750000460073,0.0012949999654665,0.0012949999654665,128437
ReddCoin USD,RDD-USD,2020-08-10,0.001295999973081,0.0014339999761432,0.0012949999654665,0.0013310000067576,0.0013310000067576,177102
ReddCoin USD,RDD-USD,2020-08-11,0.0013320000143721,0.0014390000142157,0.0012349999742582,0.0012580000329762,0.0012580000329762,157432
ReddCoin USD,RDD-USD,2020-08-12,0.0012590000405907,0.001384999952279,0.0012460000580176,0.0013830000534653,0.0013830000534653,166490
ReddCoin USD,RDD-USD,2020-08-13,0.0013830000534653,0.0013989999424666,0.0012499999720603,0.001295999973081,0.001295999973081,147251
ReddCoin USD,RDD-USD,2020-08-14,0.001295999973081,0.001405999995768,0.0012819999828934,0.0013909999979659,0.0013909999979659,261313
ReddCoin USD,RDD-USD,2020-08-15,0.0013909999979659,0.0014189999783411,0.0011950000189244,0.0013070000568404,0.0013070000568404,158173
ReddCoin USD,RDD-USD,2020-08-16,0.0013060000492259,0.0014220000011846,0.0012000000569969,0.0013129999861121,0.0013129999861121,165778
ReddCoin USD,RDD-USD,2020-08-17,0.0013129999861121,0.0014639999717473,0.0012359999818727,0.0013409999664872,0.0013409999664872,374314
ReddCoin USD,RDD-USD,2020-08-18,0.0013409999664872,0.0014669999945908,0.0013099999632686,0.0013200000394135,0.0013200000394135,211792
ReddCoin USD,RDD-USD,2020-08-19,0.0013200000394135,0.0014309999532997,0.0012839999981224,0.0013310000067576,0.0013310000067576,163331
ReddCoin USD,RDD-USD,2020-08-20,0.0013310000067576,0.0013549999566748,0.0012440000427886,0.0013060000492259,0.0013060000492259,258231
ReddCoin USD,RDD-USD,2020-08-21,0.0013060000492259,0.0013650000328198,0.0012159999459981,0.0012710000155493,0.0012710000155493,191598
ReddCoin USD,RDD-USD,2020-08-22,0.0012720000231638,0.0013249999610707,0.0012309999438002,0.0012750000460073,0.0012750000460073,169624
ReddCoin USD,RDD-USD,2020-08-23,0.0012750000460073,0.0013180000241845,0.0012359999818727,0.0012829999905079,0.0012829999905079,137502
ReddCoin USD,RDD-USD,2020-08-24,0.0012819999828934,0.0013429999817162,0.0012410000199452,0.0013409999664872,0.0013409999664872,150893
ReddCoin USD,RDD-USD,2020-08-25,0.0013399999588727,0.0013409999664872,0.001204999978654,0.0012499999720603,0.0012499999720603,183289
ReddCoin USD,RDD-USD,2020-08-26,0.0012489999644458,0.001302000018768,0.0012100000167265,0.0012189999688416,0.0012189999688416,155152
ReddCoin USD,RDD-USD,2020-08-27,0.0012179999612271,0.0012720000231638,0.0011759999906644,0.0011930000036954,0.0011930000036954,143598
ReddCoin USD,RDD-USD,2020-08-28,0.0011930000036954,0.0012700000079348,0.0011559999547898,0.0012659999774768,0.0012659999774768,26270
ReddCoin USD,RDD-USD,2020-08-29,0.0012669999850913,0.0012710000155493,0.0011640000157058,0.0011889999732375,0.0011889999732375,35313
ReddCoin USD,RDD-USD,2020-08-30,0.001187999965623,0.0013980000512674,0.0011599999852478,0.0013980000512674,0.0013980000512674,368787
ReddCoin USD,RDD-USD,2020-08-31,0.0013980000512674,0.0013999999500811,0.0011650000233203,0.0012819999828934,0.0012819999828934,131734
ReddCoin USD,RDD-USD,2020-09-01,0.0012809999752789,0.0013180000241845,0.0011670000385493,0.001206999993883,0.001206999993883,55589
ReddCoin USD,RDD-USD,2020-09-02,0.0012080000014975,0.0012900000438094,0.0011309999972581,0.0011409999569877,0.0011409999569877,56020
ReddCoin USD,RDD-USD,2020-09-03,0.0011409999569877,0.0012260000221431,0.0009149999823421,0.0010069999843835,0.0010069999843835,281926
ReddCoin USD,RDD-USD,2020-09-04,0.0009219999774359,0.0010489999549463,0.0009200000204145,0.0009609999833628,0.0009609999833628,154730
ReddCoin USD,RDD-USD,2020-09-05,0.0009609999833628,0.0010489999549463,0.0008120000129565,0.0009149999823421,0.0009149999823421,76653
ReddCoin USD,RDD-USD,2020-09-06,0.0009149999823421,0.0009330000029876,0.0008149999775923,0.0009299999801442,0.0009299999801442,81389
ReddCoin USD,RDD-USD,2020-09-07,0.0009299999801442,0.0010319999419152,0.0008490000036545,0.0010199999669566,0.0010199999669566,59952
ReddCoin USD,RDD-USD,2020-09-08,0.0010199999669566,0.0010300000431016,0.0008980000275187,0.0009250000002793,0.0009250000002793,92217
ReddCoin USD,RDD-USD,2020-09-09,0.0009250000002793,0.0010229999898001,0.0009159999899566,0.0009350000182166,0.0009350000182166,31028
ReddCoin USD,RDD-USD,2020-09-10,0.0009350000182166,0.0010470000561326,0.0009280000231228,0.0010319999419152,0.0010319999419152,47234
ReddCoin USD,RDD-USD,2020-09-11,0.0010319999419152,0.0010339999571442,0.0009299999801442,0.0010169999441131,0.0010169999441131,15513
ReddCoin USD,RDD-USD,2020-09-12,0.0010179999517276,0.0010450000409036,0.0009379999828524,0.00095199997304,0.00095199997304,49185
ReddCoin USD,RDD-USD,2020-09-13,0.00095199997304,0.0010539999930188,0.0009350000182166,0.0009410000056959,0.0009410000056959,32749
ReddCoin USD,RDD-USD,2020-09-14,0.0009410000056959,0.0010669999755918,0.0009360000258311,0.0009899999713525,0.0009899999713525,35790
ReddCoin USD,RDD-USD,2020-09-15,0.000990999978967,0.0010900000343099,0.0009730000165291,0.0009820000268518,0.0009820000268518,76173
ReddCoin USD,RDD-USD,2020-09-16,0.0009820000268518,0.0010860000038519,0.0009730000165291,0.000988999963738,0.000988999963738,42109
ReddCoin USD,RDD-USD,2020-09-17,0.000988999963738,0.0010910000419244,0.0009810000192373,0.0010260000126436,0.0010260000126436,68825
ReddCoin USD,RDD-USD,2020-09-18,0.0010260000126436,0.0010799999581649,0.0008769999840296,0.0009830000344663,0.0009830000344663,184372
ReddCoin USD,RDD-USD,2020-09-19,0.0009830000344663,0.0009950000094249,0.0008829999715089,0.000901999999769,0.000901999999769,30115
ReddCoin USD,RDD-USD,2020-09-20,0.000901999999769,0.0009899999713525,0.0008820000221021,0.0009779999963939,0.0009779999963939,20683
ReddCoin USD,RDD-USD,2020-09-21,0.0009779999963939,0.0009820000268518,0.0008360000210814,0.0008970000199042,0.0008970000199042,53785
ReddCoin USD,RDD-USD,2020-09-22,0.0008960000122897,0.0009330000029876,0.0008249999955296,0.00084799999604,0.00084799999604,38421
ReddCoin USD,RDD-USD,2020-09-23,0.0008609999786131,0.0009410000056959,0.0008389999857172,0.0008399999933317,0.0008399999933317,26120
ReddCoin USD,RDD-USD,2020-09-24,0.0008389999857172,0.0009590000263415,0.0008389999857172,0.0009480000007897,0.0009480000007897,24457
ReddCoin USD,RDD-USD,2020-09-25,0.0009480000007897,0.000958000018727,0.000865000009071,0.0009529999806545,0.0009529999806545,32404
ReddCoin USD,RDD-USD,2020-09-26,0.0009389999904669,0.0009590000263415,0.0008689999813213,0.0009590000263415,0.0009590000263415,24196
ReddCoin USD,RDD-USD,2020-09-27,0.0008939999970607,0.0009609999833628,0.0008660000166855,0.0008970000199042,0.0008970000199042,19099
ReddCoin USD,RDD-USD,2020-09-28,0.0008970000199042,0.0009679999784566,0.0008769999840296,0.0009469999931752,0.0009469999931752,26364
ReddCoin USD,RDD-USD,2020-09-29,0.0009469999931752,0.0009599999757483,0.0008689999813213,0.0009459999855607,0.0009459999855607,35877
ReddCoin USD,RDD-USD,2020-09-30,0.0009459999855607,0.0009660000214353,0.0008720000041648,0.0008800000068731,0.0008800000068731,21174
ReddCoin USD,RDD-USD,2020-10-01,0.0008800000068731,0.0010479999473318,0.0008789999992586,0.0009190000128,0.0009190000128,51339
ReddCoin USD,RDD-USD,2020-10-02,0.0009190000128,0.0009899999713525,0.0008909999742172,0.0009139999747276,0.0009139999747276,22438
ReddCoin USD,RDD-USD,2020-10-03,0.0009139999747276,0.0010239999974146,0.0009120000177063,0.0009459999855607,0.0009459999855607,11078
ReddCoin USD,RDD-USD,2020-10-04,0.0009459999855607,0.0010179999517276,0.0008660000166855,0.0008759999764151,0.0008759999764151,23751
ReddCoin USD,RDD-USD,2020-10-05,0.0008759999764151,0.0009730000165291,0.0008759999764151,0.0009619999909773,0.0009619999909773,31825
ReddCoin USD,RDD-USD,2020-10-06,0.0009619999909773,0.0009730000165291,0.0008660000166855,0.0008779999916441,0.0008779999916441,17970
ReddCoin USD,RDD-USD,2020-10-07,0.0008779999916441,0.0009699999936856,0.0007619999814778,0.0008559999987483,0.0008559999987483,99581
ReddCoin USD,RDD-USD,2020-10-08,0.0007789999945089,0.0009590000263415,0.0007779999868944,0.0008839999791234,0.0008839999791234,47812
ReddCoin USD,RDD-USD,2020-10-09,0.0008839999791234,0.0009879999561235,0.0007999999797903,0.0009810000192373,0.0009810000192373,100712
ReddCoin USD,RDD-USD,2020-10-10,0.0009810000192373,0.0010179999517276,0.0008970000199042,0.000921000028029,0.000921000028029,96806
ReddCoin USD,RDD-USD,2020-10-11,0.000921000028029,0.0010270000202581,0.0009169999975711,0.0009379999828524,0.0009379999828524,11333
ReddCoin USD,RDD-USD,2020-10-12,0.0009379999828524,0.0010310000507161,0.0009270000155083,0.0009369999752379,0.0009369999752379,39054
ReddCoin USD,RDD-USD,2020-10-13,0.0009369999752379,0.0010189999593421,0.0009239999926649,0.0009239999926649,0.0009239999926649,43529
ReddCoin USD,RDD-USD,2020-10-14,0.0009239999926649,0.0010260000126436,0.0009159999899566,0.0010239999974146,0.0010239999974146,48461
ReddCoin USD,RDD-USD,2020-10-15,0.0010239999974146,0.0010290000354871,0.0008239999879151,0.0010209999745711,0.0010209999745711,82644
ReddCoin USD,RDD-USD,2020-10-16,0.0010209999745711,0.0010270000202581,0.0009079999872483,0.0010010000551119,0.0010010000551119,36593
ReddCoin USD,RDD-USD,2020-10-17,0.0010010000551119,0.0010250000050291,0.0009149999823421,0.0009330000029876,0.0009330000029876,9668
ReddCoin USD,RDD-USD,2020-10-18,0.0009330000029876,0.0010270000202581,0.0008249999955296,0.0010189999593421,0.0010189999593421,30647
ReddCoin USD,RDD-USD,2020-10-19,0.0010189999593421,0.0010389999952167,0.0008350000134669,0.0010369999799877,0.0010369999799877,29751
ReddCoin USD,RDD-USD,2020-10-20,0.0010369999799877,0.0010379999876022,0.0008590000215917,0.000958000018727,0.000958000018727,25900
ReddCoin USD,RDD-USD,2020-10-21,0.000958000018727,0.0010499999625608,0.0008510000188834,0.0010250000050291,0.0010250000050291,73296
ReddCoin USD,RDD-USD,2020-10-22,0.0010250000050291,0.0010420000180602,0.0009079999872483,0.0009239999926649,0.0009239999926649,43509
ReddCoin USD,RDD-USD,2020-10-23,0.0009239999926649,0.0010280000278726,0.0009120000177063,0.0010270000202581,0.0010270000202581,34352
ReddCoin USD,RDD-USD,2020-10-24,0.0010270000202581,0.0010400000028312,0.0009280000231228,0.0009529999806545,0.0009529999806545,14197
ReddCoin USD,RDD-USD,2020-10-25,0.0009529999806545,0.0010450000409036,0.0009309999877586,0.0009459999855607,0.0009459999855607,30631
ReddCoin USD,RDD-USD,2020-10-26,0.0009469999931752,0.0010479999473318,0.0009200000204145,0.0010189999593421,0.0010189999593421,51045
ReddCoin USD,RDD-USD,2020-10-27,0.0010199999669566,0.0010770000517368,0.0009319999953731,0.0009759999811649,0.0009759999811649,26089
ReddCoin USD,RDD-USD,2020-10-28,0.0009769999887794,0.0010760000441223,0.0009299999801442,0.0009710000013001,0.0009710000013001,62402
ReddCoin USD,RDD-USD,2020-10-29,0.0009710000013001,0.001319000031799,0.0008370000286959,0.001319000031799,0.001319000031799,390202
ReddCoin USD,RDD-USD,2020-10-30,0.0013180000241845,0.0013259999686852,0.0009500000160187,0.0011889999732375,0.0011889999732375,293241
ReddCoin USD,RDD-USD,2020-10-31,0.001187999965623,0.0012000000569969,0.0009699999936856,0.0009929999941959,0.0009929999941959,67563
ReddCoin USD,RDD-USD,2020-11-01,0.0009929999941959,0.001101000001654,0.0009720000089146,0.0010799999581649,0.0010799999581649,27065
ReddCoin USD,RDD-USD,2020-11-02,0.0010819999733939,0.0011020000092685,0.0009689999860711,0.001098999986425,0.001098999986425,27113
ReddCoin USD,RDD-USD,2020-11-03,0.0010979999788105,0.001122000045143,0.0009689999860711,0.0011060000397264,0.0011060000397264,31896
ReddCoin USD,RDD-USD,2020-11-04,0.0011080000549554,0.0011320000048726,0.0009810000192373,0.0011320000048726,0.0011320000048726,29222
ReddCoin USD,RDD-USD,2020-11-05,0.0011320000048726,0.001215000054799,0.0009440000285394,0.0010910000419244,0.0010910000419244,165746
ReddCoin USD,RDD-USD,2020-11-06,0.0010910000419244,0.0012219999916851,0.0009449999779462,0.0010910000419244,0.0010910000419244,191906
ReddCoin USD,RDD-USD,2020-11-07,0.0010910000419244,0.001098999986425,0.0009360000258311,0.0010430000256747,0.0010430000256747,48653
ReddCoin USD,RDD-USD,2020-11-08,0.0010430000256747,0.0010900000343099,0.0009420000133104,0.0009800000116229,0.0009800000116229,45373
ReddCoin USD,RDD-USD,2020-11-09,0.0009800000116229,0.0010910000419244,0.0009549999958835,0.0009749999735504,0.0009749999735504,23499
ReddCoin USD,RDD-USD,2020-11-10,0.0009749999735504,0.0010870000114664,0.000956000003498,0.0009619999909773,0.0009619999909773,28152
ReddCoin USD,RDD-USD,2020-11-11,0.0009619999909773,0.0011040000244975,0.0009619999909773,0.0010750000365078,0.0010750000365078,24952
ReddCoin USD,RDD-USD,2020-11-12,0.0010750000365078,0.0011259999591857,0.0009670000290498,0.001012000022456,0.001012000022456,27670
ReddCoin USD,RDD-USD,2020-11-13,0.001012000022456,0.0011340000201016,0.0010029999539256,0.0010369999799877,0.0010369999799877,25904
ReddCoin USD,RDD-USD,2020-11-14,0.0010369999799877,0.005301000084728,0.0009759999811649,0.005293000023812,0.005293000023812,126115
ReddCoin USD,RDD-USD,2020-11-15,0.005293000023812,0.0053110001608729,0.0009599999757483,0.0011380000505596,0.0011380000505596,163399
ReddCoin USD,RDD-USD,2020-11-16,0.0011380000505596,0.0055309999734163,0.0009629999985918,0.0011299999896436,0.0011299999896436,112929
ReddCoin USD,RDD-USD,2020-11-17,0.0011790000135079,0.0058070002123713,0.001005999976769,0.0010590000310912,0.0010590000310912,86571
ReddCoin USD,RDD-USD,2020-11-18,0.0010590000310912,0.0014420000370591,0.0008970000199042,0.0012460000580176,0.0012460000580176,67418
ReddCoin USD,RDD-USD,2020-11-19,0.0012460000580176,0.0013729999773204,0.0009180000051856,0.0012469999492168,0.0012469999492168,44243
ReddCoin USD,RDD-USD,2020-11-20,0.0012469999492168,0.0014509999891743,0.0008970000199042,0.0011419999646022,0.0011419999646022,49708
ReddCoin USD,RDD-USD,2020-11-21,0.0011419999646022,0.0014580000424757,0.0011139999842271,0.001118000014685,0.001118000014685,126004
ReddCoin USD,RDD-USD,2020-11-22,0.001118000014685,0.0013070000568404,0.0009030000073835,0.0011739999754354,0.0011739999754354,114871
ReddCoin USD,RDD-USD,2020-11-23,0.0011739999754354,0.0012890000361949,0.0011320000048726,0.0012850000057369,0.0012850000057369,135365
ReddCoin USD,RDD-USD,2020-11-24,0.0012860000133514,0.0014919999521225,0.0011309999972581,0.0011470000026747,0.0011470000026747,466777
ReddCoin USD,RDD-USD,2020-11-25,0.0011459999950602,0.0013569999719038,0.001120000029914,0.0013109999708831,0.0013109999708831,800956
ReddCoin USD,RDD-USD,2020-11-26,0.0013109999708831,0.001319000031799,0.0008520000264979,0.0010270000202581,0.0010270000202581,230057
ReddCoin USD,RDD-USD,2020-11-27,0.0010290000354871,0.0011699999449774,0.0009149999823421,0.001122000045143,0.001122000045143,183684
ReddCoin USD,RDD-USD,2020-11-28,0.001122000045143,0.0012189999688416,0.0009200000204145,0.0012159999459981,0.0012159999459981,70156
ReddCoin USD,RDD-USD,2020-11-29,0.0012159999459981,0.0012329999590292,0.0009280000231228,0.0012209999840706,0.0012209999840706,250431
ReddCoin USD,RDD-USD,2020-11-30,0.0012209999840706,0.001300000003539,0.0009449999779462,0.0011690000537782,0.0011690000537782,203953
ReddCoin USD,RDD-USD,2020-12-01,0.0011690000537782,0.0012839999981224,0.0009810000192373,0.0011159999994561,0.0011159999994561,138033
ReddCoin USD,RDD-USD,2020-12-02,0.0011159999994561,0.0012989999959245,0.0009810000192373,0.0012910000514239,0.0012910000514239,122751
ReddCoin USD,RDD-USD,2020-12-03,0.0012900000438094,0.001295999973081,0.0009960000170394,0.0011530000483617,0.0011530000483617,140277
ReddCoin USD,RDD-USD,2020-12-04,0.0011530000483617,0.0012890000361949,0.0009850000496953,0.0012690000003203,0.0012690000003203,159408
ReddCoin USD,RDD-USD,2020-12-05,0.0011299999896436,0.0012989999959245,0.0009779999963939,0.0011520000407472,0.0011520000407472,90023
ReddCoin USD,RDD-USD,2020-12-06,0.0011520000407472,0.0013050000416114,0.000990999978967,0.001012000022456,0.001012000022456,72271
ReddCoin USD,RDD-USD,2020-12-07,0.001012000022456,0.0013070000568404,0.0009990000398829,0.0011520000407472,0.0011520000407472,150187
ReddCoin USD,RDD-USD,2020-12-08,0.0010179999517276,0.0012799999676644,0.0009660000214353,0.001101000001654,0.001101000001654,84475
ReddCoin USD,RDD-USD,2020-12-09,0.0010999999940395,0.0012280000373721,0.0009430000209249,0.000988999963738,0.000988999963738,61857
ReddCoin USD,RDD-USD,2020-12-10,0.000988999963738,0.0011139999842271,0.00095199997304,0.0009660000214353,0.0009660000214353,36071
ReddCoin USD,RDD-USD,2020-12-11,0.0009660000214353,0.0010789999505504,0.0009229999850504,0.0010610000463202,0.0010610000463202,62978
ReddCoin USD,RDD-USD,2020-12-12,0.0010610000463202,0.0011170000070706,0.0009549999958835,0.001105000032112,0.001105000032112,65391
ReddCoin USD,RDD-USD,2020-12-13,0.0011040000244975,0.0011439999798312,0.00095199997304,0.0011109999613836,0.0011109999613836,85886
ReddCoin USD,RDD-USD,2020-12-14,0.0010110000148415,0.0012789999600499,0.0009899999713525,0.001016000052914,0.001016000052914,209162
ReddCoin USD,RDD-USD,2020-12-15,0.001016000052914,0.0012829999905079,0.0009929999941959,0.0010389999952167,0.0010389999952167,111925
ReddCoin USD,RDD-USD,2020-12-16,0.0011650000233203,0.0012309999438002,0.0010130000300705,0.0011089999461546,0.0011089999461546,81979
ReddCoin USD,RDD-USD,2020-12-17,0.0011089999461546,0.0013109999708831,0.0010900000343099,0.0011409999569877,0.0011409999569877,172315
ReddCoin USD,RDD-USD,2020-12-18,0.0011409999569877,0.0013279999839141,0.0009510000236332,0.0011559999547898,0.0011559999547898,203088
ReddCoin USD,RDD-USD,2020-12-19,0.0011569999624043,0.0013370000524446,0.0010069999843835,0.0011699999449774,0.0011699999449774,134620
ReddCoin USD,RDD-USD,2020-12-20,0.0010260000126436,0.0013670000480487,0.0010039999615401,0.0011830000439658,0.0011830000439658,164887
ReddCoin USD,RDD-USD,2020-12-21,0.0011810000287368,0.0013520000502467,0.0009660000214353,0.0012750000460073,0.0012750000460073,127063
ReddCoin USD,RDD-USD,2020-12-22,0.0012730000307783,0.0012760000536218,0.0009670000290498,0.0010019999463111,0.0010019999463111,77078
ReddCoin USD,RDD-USD,2020-12-23,0.0011630000080913,0.001189999980852,0.0009369999752379,0.0011409999569877,0.0011409999569877,337799
ReddCoin USD,RDD-USD,2020-12-24,0.0011399999493733,0.0011640000157058,0.0009369999752379,0.0011490000179037,0.0011490000179037,137643
ReddCoin USD,RDD-USD,2020-12-25,0.0011480000102892,0.0011840000515803,0.0008169999928213,0.0011820000363513,0.0011820000363513,63883
ReddCoin USD,RDD-USD,2020-12-26,0.0011820000363513,0.0012540000025182,0.0008440000237897,0.0010689999908208,0.0010689999908208,98260
ReddCoin USD,RDD-USD,2020-12-27,0.0010689999908208,0.0013320000143721,0.0008679999737069,0.0010519999777898,0.0010519999777898,188015
ReddCoin USD,RDD-USD,2020-12-28,0.0010509999701753,0.0012929999502375,0.0008980000275187,0.0010890000266954,0.0010890000266954,74338
ReddCoin USD,RDD-USD,2020-12-29,0.0010890000266954,0.0012829999905079,0.000865000009071,0.0011040000244975,0.0011040000244975,149758
ReddCoin USD,RDD-USD,2020-12-30,0.0011040000244975,0.0013950000284239,0.0008950000046752,0.0011670000385493,0.0011670000385493,645203
ReddCoin USD,RDD-USD,2020-12-31,0.0011670000385493,0.001429000054486,0.0011459999950602,0.0011650000233203,0.0011650000233203,154345
ReddCoin USD,RDD-USD,2021-01-01,0.0011650000233203,0.0013950000284239,0.0011640000157058,0.0011930000036954,0.0011930000036954,62315
ReddCoin USD,RDD-USD,2021-01-02,0.0011919999960809,0.0015630000270903,0.0011749999830499,0.0012900000438094,0.0012900000438094,330658
ReddCoin USD,RDD-USD,2021-01-03,0.001291999942623,0.0016390000237151,0.001276999944821,0.0013379999436438,0.0013379999436438,327334
ReddCoin USD,RDD-USD,2021-01-04,0.0013389999512583,0.0015970000531524,0.0012410000199452,0.0013350000372156,0.0013350000372156,157094
ReddCoin USD,RDD-USD,2021-01-05,0.0013350000372156,0.0016189999878406,0.0012659999774768,0.0013729999773204,0.0013729999773204,197973
ReddCoin USD,RDD-USD,2021-01-06,0.0013729999773204,0.0017269999952986,0.0013680000556632,0.0017269999952986,0.0017269999952986,240804
ReddCoin USD,RDD-USD,2021-01-07,0.0015119999879971,0.0019320000428706,0.0014629999641329,0.0016220000106841,0.0016220000106841,580927
ReddCoin USD,RDD-USD,2021-01-08,0.0016230000182986,0.0018820000113919,0.0013010000111535,0.001600999967195,0.001600999967195,458634
ReddCoin USD,RDD-USD,2021-01-09,0.0015999999595806,0.0016599999507889,0.001319000031799,0.0013490000274032,0.0013490000274032,277183
ReddCoin USD,RDD-USD,2021-01-10,0.0013490000274032,0.0016459999606013,0.0011569999624043,0.0014850000152364,0.0014850000152364,241421
ReddCoin USD,RDD-USD,2021-01-11,0.0014850000152364,0.0014850000152364,0.0010000000474974,0.0011780000058934,0.0011780000058934,215215
ReddCoin USD,RDD-USD,2021-01-12,0.0011769999982789,0.0014479999663308,0.0010959999635815,0.00131700001657,0.00131700001657,103911
ReddCoin USD,RDD-USD,2021-01-13,0.00131700001657,0.0014779999619349,0.0010760000441223,0.0012280000373721,0.0012280000373721,173911
ReddCoin USD,RDD-USD,2021-01-14,0.0012280000373721,0.0015360000543296,0.0011630000080913,0.0012349999742582,0.0012349999742582,366255
ReddCoin USD,RDD-USD,2021-01-15,0.0012349999742582,0.001518000033684,0.0010880000190809,0.0011970000341534,0.0011970000341534,110524
ReddCoin USD,RDD-USD,2021-01-16,0.0011990000493824,0.0014369999989867,0.0011640000157058,0.0011849999427795,0.0011849999427795,155208
ReddCoin USD,RDD-USD,2021-01-17,0.0011849999427795,0.001405999995768,0.0010959999635815,0.0011670000385493,0.0011670000385493,205540
ReddCoin USD,RDD-USD,2021-01-18,0.0011660000309348,0.0014280000468716,0.0011330000124871,0.0014159999554976,0.0014159999554976,128241
ReddCoin USD,RDD-USD,2021-01-19,0.0014149999478831,0.0014309999532997,0.0011840000515803,0.001215000054799,0.001215000054799,214251
ReddCoin USD,RDD-USD,2021-01-20,0.00121300003957,0.00140199996531,0.0011360000353306,0.0013089999556541,0.0013089999556541,142590
ReddCoin USD,RDD-USD,2021-01-21,0.0013079999480396,0.0013310000067576,0.001005999976769,0.001204999978654,0.001204999978654,144678
ReddCoin USD,RDD-USD,2021-01-22,0.0010250000050291,0.0013370000524446,0.0009749999735504,0.0013060000492259,0.0013060000492259,123931
ReddCoin USD,RDD-USD,2021-01-23,0.0013079999480396,0.0013279999839141,0.0010509999701753,0.0012570000253617,0.0012570000253617,50097
ReddCoin USD,RDD-USD,2021-01-24,0.0012570000253617,0.001302000018768,0.0010400000028312,0.0012550000101327,0.0012550000101327,76704
ReddCoin USD,RDD-USD,2021-01-25,0.0012550000101327,0.0013249999610707,0.0010639999527484,0.0010920000495389,0.0010920000495389,124935
ReddCoin USD,RDD-USD,2021-01-26,0.0010930000571534,0.0012890000361949,0.0010430000256747,0.0012710000155493,0.0012710000155493,68111
ReddCoin USD,RDD-USD,2021-01-27,0.0012700000079348,0.0012779999524354,0.0009730000165291,0.0010339999571442,0.0010339999571442,99211
ReddCoin USD,RDD-USD,2021-01-28,0.0010349999647587,0.00131700001657,0.001010000007227,0.0010629999451339,0.0010629999451339,220769
ReddCoin USD,RDD-USD,2021-01-29,0.0013409999664872,0.0071859997697174,0.0010440000332891,0.0043500000610947,0.0043500000610947,35641987
ReddCoin USD,RDD-USD,2021-01-30,0.0042010000906884,0.0048730000853538,0.0027530000079423,0.0029889999423176,0.0029889999423176,12724269
ReddCoin USD,RDD-USD,2021-01-31,0.0028329999186098,0.0033209999091923,0.0026080000679939,0.0028460000175982,0.0028460000175982,4134642
ReddCoin USD,RDD-USD,2021-02-01,0.0028450000099837,0.0029289999511092,0.0023229999933391,0.0026100000832229,0.0026100000832229,2743544
ReddCoin USD,RDD-USD,2021-02-02,0.0026120000984519,0.0035580000840127,0.0024019998963922,0.0029460000805556,0.0029460000805556,3520508
ReddCoin USD,RDD-USD,2021-02-03,0.0029460000805556,0.003305000020191,0.0028969999402761,0.0030519999563694,0.0030519999563694,3100523
ReddCoin USD,RDD-USD,2021-02-04,0.0031959998887032,0.0032069999724626,0.0026670000515878,0.0029370000120252,0.0029370000120252,2358008
ReddCoin USD,RDD-USD,2021-02-05,0.0029360000044107,0.003309000050649,0.0027590000536292,0.0030610000248998,0.0030610000248998,1551875
ReddCoin USD,RDD-USD,2021-02-06,0.0030630000401288,0.0033690000418573,0.0028790000360459,0.003086999990046,0.003086999990046,1234509
ReddCoin USD,RDD-USD,2021-02-07,0.0029019999783486,0.0031469999812543,0.0027590000536292,0.0028570001013576,0.0028570001013576,1171296
ReddCoin USD,RDD-USD,2021-02-08,0.0028570001013576,0.0032969999592751,0.0027250000275671,0.0031940001063048,0.0031940001063048,2101015
ReddCoin USD,RDD-USD,2021-02-09,0.0031959998887032,0.0034209999721497,0.0028250000905245,0.0034209999721497,0.0034209999721497,2141591
ReddCoin USD,RDD-USD,2021-02-10,0.0034209999721497,0.0038459999486804,0.0030819999519735,0.0033539999276399,0.0033539999276399,2287316
ReddCoin USD,RDD-USD,2021-02-11,0.0033539999276399,0.0050659999251365,0.0031349998898804,0.0047289999201893,0.0047289999201893,10619794
ReddCoin USD,RDD-USD,2021-02-12,0.0047300001606345,0.0047980002127587,0.0041979998350143,0.0044590001925826,0.0044590001925826,3771338
ReddCoin USD,RDD-USD,2021-02-13,0.0046910000964999,0.006874999962747,0.00433100014925,0.0063009997829794,0.0063009997829794,15680070
ReddCoin USD,RDD-USD,2021-02-14,0.0063000000081956,0.0066359997726976,0.0056340000592172,0.0064659998752176,0.0064659998752176,6557384
ReddCoin USD,RDD-USD,2021-02-15,0.0064650001004338,0.0064650001004338,0.0051879999227821,0.0059039997868239,0.0059039997868239,4574115
ReddCoin USD,RDD-USD,2021-02-16,0.0058889999054372,0.0062839998863637,0.0054000001400709,0.0057950001209974,0.0057950001209974,2385526
ReddCoin USD,RDD-USD,2021-02-17,0.0057950001209974,0.0061840000562369,0.0051380000077188,0.00592300016433,0.00592300016433,5049646
ReddCoin USD,RDD-USD,2021-02-18,0.0057489997707307,0.0061940001323819,0.0053369998931884,0.0055129998363554,0.0055129998363554,4518168
ReddCoin USD,RDD-USD,2021-02-19,0.005739000160247,0.006167999934405,0.004949000198394,0.0051759998314082,0.0051759998314082,5340105
ReddCoin USD,RDD-USD,2021-02-20,0.0051710000261664,0.0060689998790621,0.0049370001070201,0.0054399999789893,0.0054399999789893,7628802
ReddCoin USD,RDD-USD,2021-02-21,0.0054410002194345,0.0057810000143945,0.0050980001688003,0.0055550001561641,0.0055550001561641,2832141
ReddCoin USD,RDD-USD,2021-02-22,0.005553999915719,0.0057540000416338,0.0038630000781267,0.004945000167936,0.004945000167936,4890144
ReddCoin USD,RDD-USD,2021-02-23,0.0049439999274909,0.0050130002200603,0.0033640000037848,0.0041169999167323,0.0041169999167323,3079131
ReddCoin USD,RDD-USD,2021-02-24,0.0041180001571774,0.0051600001752376,0.0038759999442845,0.0045039998367428,0.0045039998367428,3014988
ReddCoin USD,RDD-USD,2021-02-25,0.0045039998367428,0.0051890001632273,0.0042739999480545,0.0043779998086392,0.0043779998086392,1572577
ReddCoin USD,RDD-USD,2021-02-26,0.0043759997934103,0.0046290000900626,0.0038230000063776,0.0040330002084374,0.0040330002084374,1184248
ReddCoin USD,RDD-USD,2021-02-27,0.0039079999551177,0.0046339998953044,0.0038079998921602,0.0042079999111592,0.0042079999111592,817835
ReddCoin USD,RDD-USD,2021-02-28,0.0042070001363754,0.0045150001533329,0.0037479999009519,0.0043620001524686,0.0043620001524686,1227337
ReddCoin USD,RDD-USD,2021-03-01,0.0043620001524686,0.0058699999935925,0.004052999895066,0.0050659999251365,0.0050659999251365,6870124
ReddCoin USD,RDD-USD,2021-03-02,0.0051879999227821,0.0057680001482367,0.004410000052303,0.0044760000891983,0.0044760000891983,4447988
ReddCoin USD,RDD-USD,2021-03-03,0.0044760000891983,0.0048899999819695,0.0042119999416172,0.0043580001220107,0.0043580001220107,3264922
ReddCoin USD,RDD-USD,2021-03-04,0.0043640001676976,0.0046250000596046,0.0039280001074075,0.0041780001483857,0.0041780001483857,1428959
ReddCoin USD,RDD-USD,2021-03-05,0.0042920000851154,0.0043080002069473,0.0037660000380128,0.0039590001106262,0.0039590001106262,1305011
ReddCoin USD,RDD-USD,2021-03-06,0.0039590001106262,0.004222999792546,0.0036329999566078,0.0039200000464916,0.0039200000464916,1654776
ReddCoin USD,RDD-USD,2021-03-07,0.0039200000464916,0.0042900000698864,0.0036470000632107,0.0040810001082718,0.0040810001082718,2056932
ReddCoin USD,RDD-USD,2021-03-08,0.0039809998124837,0.0043649999424815,0.0036730000283569,0.0040049999952316,0.0040049999952316,2233362
ReddCoin USD,RDD-USD,2021-03-09,0.0040049999952316,0.004157000221312,0.0035649999044835,0.003957999870181,0.003957999870181,2189743
ReddCoin USD,RDD-USD,2021-03-10,0.003957999870181,0.0043190000578761,0.0036480000708252,0.0037179999053478,0.0037179999053478,1244360
ReddCoin USD,RDD-USD,2021-03-11,0.0037159998901188,0.0042730001732707,0.0035029998980462,0.003798000048846,0.003798000048846,1470244
ReddCoin USD,RDD-USD,2021-03-12,0.0039989999495446,0.0043020001612603,0.0035500000230968,0.0037740000989288,0.0037740000989288,1195683
ReddCoin USD,RDD-USD,2021-03-13,0.0039389999583363,0.0045320000499486,0.0035089999437332,0.0040699997916817,0.0040699997916817,3440680
ReddCoin USD,RDD-USD,2021-03-14,0.0038149999454617,0.0042260000482201,0.0036349999718368,0.003798000048846,0.003798000048846,852271
ReddCoin USD,RDD-USD,2021-03-15,0.0037930000107735,0.0041769999079406,0.0034109998960047,0.003792000003159,0.003792000003159,1378322
ReddCoin USD,RDD-USD,2021-03-16,0.0036420000251382,0.0040690000168979,0.0033889999613165,0.0038550000172108,0.0038550000172108,1441073
ReddCoin USD,RDD-USD,2021-03-17,0.0036669999826699,0.0041979998350143,0.0033100000582635,0.0035210000351071,0.0035210000351071,1029355
ReddCoin USD,RDD-USD,2021-03-18,0.0037569999694824,0.0040170000866055,0.0034239999949932,0.0039229998365044,0.0039229998365044,1011269
ReddCoin USD,RDD-USD,2021-03-19,0.0039229998365044,0.0044689998030662,0.0034660000819712,0.0040719998069107,0.0040719998069107,922306
ReddCoin USD,RDD-USD,2021-03-20,0.0039369999431073,0.0047699999995529,0.0035759999882429,0.0046419999562203,0.0046419999562203,2574394
ReddCoin USD,RDD-USD,2021-03-21,0.004313999786973,0.0046640001237392,0.0039539998397231,0.0040420000441372,0.0040420000441372,995366
ReddCoin USD,RDD-USD,2021-03-22,0.0040420000441372,0.0055280001834034,0.0039829998277127,0.0048759998753666,0.0048759998753666,3404710
ReddCoin USD,RDD-USD,2021-03-23,0.0048750001005828,0.0065640001557767,0.0044060000218451,0.0056289997883141,0.0056289997883141,13415884
ReddCoin USD,RDD-USD,2021-03-24,0.0056259999983012,0.0060180001892149,0.0047650001943111,0.0048190001398324,0.0048190001398324,3292465
ReddCoin USD,RDD-USD,2021-03-25,0.0048199999146163,0.0056770001538097,0.004588000010699,0.0051679997704923,0.0051679997704923,2024281
ReddCoin USD,RDD-USD,2021-03-26,0.0050849998369812,0.005911000072956,0.0047050002031028,0.0054489998146891,0.0054489998146891,1214085
ReddCoin USD,RDD-USD,2021-03-27,0.0054500000551342,0.0072739999741315,0.0049850000068545,0.0062170000746846,0.0062170000746846,6153094
ReddCoin USD,RDD-USD,2021-03-28,0.0067210001870989,0.0067710001021623,0.0055350000038743,0.0061499997973442,0.0061499997973442,3240574
ReddCoin USD,RDD-USD,2021-03-29,0.0061400001868605,0.0064030000939965,0.0055350000038743,0.0063430001027882,0.0063430001027882,2378111
ReddCoin USD,RDD-USD,2021-03-30,0.0063430001027882,0.0075420001521706,0.005747000221163,0.0064980001188814,0.0064980001188814,4809901
ReddCoin USD,RDD-USD,2021-03-31,0.0059719998389482,0.0071620000526309,0.0058550001122057,0.0064770001918077,0.0064770001918077,3141509
ReddCoin USD,RDD-USD,2021-04-01,0.0064770001918077,0.0071080001071095,0.0058729997836053,0.0060919998213648,0.0060919998213648,3162400
ReddCoin USD,RDD-USD,2021-04-02,0.006091000046581,0.0066599999554455,0.0055900001898407,0.0060259997844696,0.0060259997844696,3377122
ReddCoin USD,RDD-USD,2021-04-03,0.0065230000764131,0.0065700002014636,0.0052680000662803,0.0057609998621046,0.0057609998621046,2500319
ReddCoin USD,RDD-USD,2021-04-04,0.0057589998468756,0.0080359997227787,0.0052240001969039,0.0080270003527402,0.0080270003527402,8988109
ReddCoin USD,RDD-USD,2021-04-05,0.0076290001161396,0.0086260000243783,0.0069789998233318,0.0077050002291798,0.0077050002291798,9149162
ReddCoin USD,RDD-USD,2021-04-06,0.0077200001105666,0.0087689999490976,0.0069610001519322,0.00714399991557,0.00714399991557,4962044
ReddCoin USD,RDD-USD,2021-04-07,0.0069929999299347,0.0075579998083412,0.0062170000746846,0.0067520001903176,0.0067520001903176,1191082
ReddCoin USD,RDD-USD,2021-04-08,0.0067389998584985,0.0080580003559589,0.0067230002023279,0.0080570001155138,0.0080570001155138,733092
ReddCoin USD,RDD-USD,2021-04-09,0.0080589996650815,0.0081730000674724,0.0070099998265504,0.0075710001401603,0.0075710001401603,1062119
ReddCoin USD,RDD-USD,2021-04-10,0.0070369997993111,0.0084889996796846,0.0070340000092983,0.0081719998270273,0.0081719998270273,1191467
ReddCoin USD,RDD-USD,2021-04-11,0.0072699999436736,0.0083619998767972,0.0071879997849464,0.0072730001993477,0.0072730001993477,674848
ReddCoin USD,RDD-USD,2021-04-12,0.007768000010401,0.0078379996120929,0.0066340002231299,0.0071879997849464,0.0071879997849464,1044926
ReddCoin USD,RDD-USD,2021-04-13,0.0071840002201497,0.0073090000078082,0.0061130002140998,0.0069909999147057,0.0069909999147057,1591510
ReddCoin USD,RDD-USD,2021-04-14,0.0069809998385608,0.0070730000734329,0.0062290001660585,0.0068899998441338,0.0068899998441338,1264945
ReddCoin USD,RDD-USD,2021-04-15,0.0068939998745918,0.0069590001367032,0.0056529999710619,0.0057489997707307,0.0057489997707307,2590794
ReddCoin USD,RDD-USD,2021-04-16,0.0063289999961853,0.0080549996346235,0.0057319998741149,0.0074040000326931,0.0074040000326931,5707400
ReddCoin USD,RDD-USD,2021-04-17,0.007957000285387,0.0080890003591775,0.0067489999346435,0.0073170000687241,0.0073170000687241,1792569
ReddCoin USD,RDD-USD,2021-04-18,0.007829999551177,0.0078739998862147,0.0058869998902082,0.0072770002298057,0.0072770002298057,1571528
ReddCoin USD,RDD-USD,2021-04-19,0.0072780000045895,0.0074519999325275,0.0061599998734891,0.0066990000195801,0.0066990000195801,1428810
ReddCoin USD,RDD-USD,2021-04-20,0.0066949999891221,0.0073609999381005,0.0059070000424981,0.0073170000687241,0.0073170000687241,1364779
ReddCoin USD,RDD-USD,2021-04-21,0.007317999843508,0.0115769999101758,0.0067870002239942,0.0103449998423457,0.0103449998423457,12703536
ReddCoin USD,RDD-USD,2021-04-22,0.0103460000827908,0.0129890004172921,0.0083250002935528,0.0083560002967715,0.0083560002967715,9157102
ReddCoin USD,RDD-USD,2021-04-23,0.0083510000258684,0.0088290004059672,0.006450000219047,0.0086559997871518,0.0086559997871518,5094341
ReddCoin USD,RDD-USD,2021-04-24,0.0086559997871518,0.0086629996076226,0.007416000124067,0.0084260003641247,0.0084260003641247,1147968
ReddCoin USD,RDD-USD,2021-04-25,0.0084239998832345,0.0086139999330043,0.0071820002049207,0.0078419996425509,0.0078419996425509,1043567
ReddCoin USD,RDD-USD,2021-04-26,0.0078419996425509,0.0085920002311468,0.0069249998778104,0.0080289999023079,0.0080289999023079,2882657
ReddCoin USD,RDD-USD,2021-04-27,0.0080310003831982,0.008810999803245,0.007056999951601,0.0086970003321766,0.0086970003321766,1576858
ReddCoin USD,RDD-USD,2021-04-28,0.0077849999070167,0.0088250003755092,0.0071149999275803,0.0081139998510479,0.0081139998510479,1351631
ReddCoin USD,RDD-USD,2021-04-29,0.0081160003319382,0.0086850002408027,0.0074599999934434,0.0084530003368854,0.0084530003368854,2373153
ReddCoin USD,RDD-USD,2021-04-30,0.0084509998559951,0.0092129996046423,0.0075630000792443,0.0091500002890825,0.0091500002890825,1747621
ReddCoin USD,RDD-USD,2021-05-01,0.0091479998081922,0.0091690002009272,0.008020999841392,0.0081449998542666,0.0081449998542666,726275
ReddCoin USD,RDD-USD,2021-05-02,0.0081460000947117,0.0086359996348619,0.007414000108838,0.0079450001940131,0.0079450001940131,1413081
ReddCoin USD,RDD-USD,2021-05-03,0.0079469997435808,0.0087409997358918,0.0076009999029338,0.0080469995737075,0.0080469995737075,1403252
ReddCoin USD,RDD-USD,2021-05-04,0.0085159996524453,0.0085169998928904,0.0069829998537898,0.0069889998994767,0.0069889998994767,1505242
ReddCoin USD,RDD-USD,2021-05-05,0.0074579999782145,0.0080530000850558,0.0065629999153316,0.0079830000177025,0.0079830000177025,2725884
ReddCoin USD,RDD-USD,2021-05-06,0.0074669998139142,0.0081040002405643,0.0067599997855722,0.007337000221014,0.007337000221014,1927731
ReddCoin USD,RDD-USD,2021-05-07,0.0073409997858107,0.0081669995561242,0.0072059999220073,0.0075240000151097,0.0075240000151097,1558493
ReddCoin USD,RDD-USD,2021-05-08,0.0075260000303387,0.0082440003752708,0.0074789999052882,0.0076910001225769,0.0076910001225769,1160016
ReddCoin USD,RDD-USD,2021-05-09,0.0081519996747374,0.0088550001382827,0.007414000108838,0.0076330001465976,0.0076330001465976,2660340
ReddCoin USD,RDD-USD,2021-05-10,0.0081320004537701,0.00827999971807,0.0065669999457895,0.0072429999709129,0.0072429999709129,3416912
ReddCoin USD,RDD-USD,2021-05-11,0.0072470000013709,0.0078600002452731,0.006620000116527,0.0078419996425509,0.0078419996425509,1160552
ReddCoin USD,RDD-USD,2021-05-12,0.0073879999108612,0.0089010000228881,0.0071250000037252,0.0074840001761913,0.0074840001761913,2716690
ReddCoin USD,RDD-USD,2021-05-13,0.0074769998900592,0.0080920001491904,0.0067349998280406,0.0073919999413192,0.0073919999413192,1514810
ReddCoin USD,RDD-USD,2021-05-14,0.0073899999260902,0.0076359999366104,0.0066129998303949,0.007402999792248,0.007402999792248,840513
ReddCoin USD,RDD-USD,2021-05-15,0.0074040000326931,0.007499000057578,0.0061730002053081,0.0061730002053081,0.0061730002053081,767738
ReddCoin USD,RDD-USD,2021-05-16,0.006171999964863,0.0073919999413192,0.0057789999991655,0.006089000031352,0.006089000031352,962168
ReddCoin USD,RDD-USD,2021-05-17,0.0060859997756779,0.0064710001461207,0.0056059998460114,0.0060450001619756,0.0060450001619756,803905
ReddCoin USD,RDD-USD,2021-05-18,0.0060609998181462,0.0069479998201131,0.0058079999871551,0.0064509999938309,0.0064509999938309,1349612
ReddCoin USD,RDD-USD,2021-05-19,0.0064400001429021,0.0069050001911818,0.0037209999281913,0.0044720000587403,0.0044720000587403,2477424
ReddCoin USD,RDD-USD,2021-05-20,0.0044559999369084,0.0054370001889765,0.0042329998686909,0.0052220001816749,0.0052220001816749,687895
ReddCoin USD,RDD-USD,2021-05-21,0.0052370000630617,0.0053900000639259,0.0040380000136792,0.0047590001486241,0.0047590001486241,623143
ReddCoin USD,RDD-USD,2021-05-22,0.004759999923408,0.0047670002095401,0.0039300001226365,0.0044789998792111,0.0044789998792111,818147
ReddCoin USD,RDD-USD,2021-05-23,0.0044809998944401,0.0045269997790455,0.0031250000465661,0.003480999963358,0.003480999963358,1305362
ReddCoin USD,RDD-USD,2021-05-24,0.0034759999252855,0.004749999847263,0.0034700001124292,0.0045739999040961,0.0045739999040961,661612
ReddCoin USD,RDD-USD,2021-05-25,0.004579999949783,0.0049990001134574,0.004054999910295,0.0049769999459385,0.0049769999459385,633185
ReddCoin USD,RDD-USD,2021-05-26,0.0049879997968673,0.0056779999285936,0.0045790001749992,0.0047820000909268,0.0047820000909268,746110
ReddCoin USD,RDD-USD,2021-05-27,0.0051009999588131,0.0054089999757707,0.0044889999553561,0.0049950000829994,0.0049950000829994,476861
ReddCoin USD,RDD-USD,2021-05-28,0.0049950000829994,0.0050389999523758,0.0041889999993145,0.0043159998022019,0.0043159998022019,295085
ReddCoin USD,RDD-USD,2021-05-29,0.0045929998159408,0.004757999908179,0.0037159998901188,0.004139999859035,0.004139999859035,533661
ReddCoin USD,RDD-USD,2021-05-30,0.0041439998894929,0.0043370001949369,0.003711000084877,0.0042599998414516,0.0042599998414516,200063
ReddCoin USD,RDD-USD,2021-05-31,0.0042619998566806,0.0044280001893639,0.0037950000260025,0.0044049997813999,0.0044049997813999,387497
ReddCoin USD,RDD-USD,2021-06-01,0.0044060000218451,0.0044720000587403,0.0039630001410841,0.0041009997949004,0.0041009997949004,115310
ReddCoin USD,RDD-USD,2021-06-02,0.0041029998101294,0.004929999820888,0.0040400000289082,0.004503000061959,0.004503000061959,540863
ReddCoin USD,RDD-USD,2021-06-03,0.004499000031501,0.0050880000926554,0.0044729998335242,0.0047019999474287,0.0047019999474287,239949
ReddCoin USD,RDD-USD,2021-06-04,0.0047059999778866,0.0050240000709891,0.003955999854952,0.004064000211656,0.004064000211656,804901
ReddCoin USD,RDD-USD,2021-06-05,0.0040629999712109,0.0044959997758269,0.003878999967128,0.0042159999720752,0.0042159999720752,304328
ReddCoin USD,RDD-USD,2021-06-06,0.0042159999720752,0.0043469998054206,0.0039360001683235,0.0039769997820258,0.0039769997820258,90516
ReddCoin USD,RDD-USD,2021-06-07,0.0039780000224709,0.0043899999000132,0.0038109999150037,0.0039459997788071,0.0039459997788071,141050
ReddCoin USD,RDD-USD,2021-06-08,0.0039420002140104,0.0040310001932084,0.0032770000398159,0.00370500003919,0.00370500003919,476067
ReddCoin USD,RDD-USD,2021-06-09,0.0037040000315755,0.0044840001501142,0.003614000044763,0.0041209999471902,0.0041209999471902,237627
ReddCoin USD,RDD-USD,2021-06-10,0.0041240002028644,0.0044860001653432,0.0040290001779794,0.0043279998935759,0.0043279998935759,224018
ReddCoin USD,RDD-USD,2021-06-11,0.004329000134021,0.0043529998511075,0.0029609999619424,0.0033559999428689,0.0033559999428689,2172121
ReddCoin USD,RDD-USD,2021-06-12,0.0033609999809414,0.0033650000113993,0.0024830000475049,0.0028429999947547,0.0028429999947547,1114288
ReddCoin USD,RDD-USD,2021-06-13,0.0028460000175982,0.0030819999519735,0.0024610001128166,0.0030469999182969,0.0030469999182969,297800
ReddCoin USD,RDD-USD,2021-06-14,0.0030469999182969,0.0032659999560564,0.0027429999317973,0.0031769999768584,0.0031769999768584,307399
ReddCoin USD,RDD-USD,2021-06-15,0.0028929999098181,0.0032800000626593,0.0028089999686926,0.0028619999065995,0.0028619999065995,148583
ReddCoin USD,RDD-USD,2021-06-16,0.0032039999496191,0.0032110000029206,0.0023489999584853,0.00268099992536,0.00268099992536,705430
ReddCoin USD,RDD-USD,2021-06-17,0.0026819999329745,0.0027439999394118,0.0019379999721422,0.0026279999874532,0.0026279999874532,1754442
ReddCoin USD,RDD-USD,2021-06-18,0.0026279999874532,0.0026410000864416,0.002121000085026,0.0024160000029951,0.0024160000029951,224595
ReddCoin USD,RDD-USD,2021-06-19,0.0024170000106096,0.0024810000322759,0.0020999999251216,0.0021629999391734,0.0021629999391734,96196
ReddCoin USD,RDD-USD,2021-06-20,0.0021639999467879,0.0024989999365061,0.002032000105828,0.0021780000533908,0.0021780000533908,127797
ReddCoin USD,RDD-USD,2021-06-21,0.0021760000381618,0.0024610001128166,0.0019030000548809,0.0021929999347776,0.0021929999347776,181198
ReddCoin USD,RDD-USD,2021-06-22,0.002195999957621,0.0022740000858902,0.0015079999575391,0.0022289999760687,0.0022289999760687,557365
ReddCoin USD,RDD-USD,2021-06-23,0.0022309999912977,0.0023409998975694,0.0016789999790489,0.0023310000542551,0.0023310000542551,309567
ReddCoin USD,RDD-USD,2021-06-24,0.0023350000847131,0.0023449999280273,0.0016400000313296,0.002070999937132,0.002070999937132,167141
ReddCoin USD,RDD-USD,2021-06-25,0.0020699999295175,0.002119000069797,0.0016210000030696,0.001899000024423,0.001899000024423,64302
ReddCoin USD,RDD-USD,2021-06-26,0.001899000024423,0.0019490000559017,0.0015559999737888,0.0019199999514967,0.0019199999514967,69006
ReddCoin USD,RDD-USD,2021-06-27,0.0019249999895691,0.002066999906674,0.0016670000040903,0.0017729999963194,0.0017729999963194,22132
ReddCoin USD,RDD-USD,2021-06-28,0.0017750000115484,0.0020729999523609,0.0017470000311732,0.0020159999839961,0.0020159999839961,73214
ReddCoin USD,RDD-USD,2021-06-29,0.0020159999839961,0.0021659999620169,0.0017740000039339,0.0018279999494552,0.0018279999494552,151549
ReddCoin USD,RDD-USD,2021-06-30,0.0018260000506415,0.0021389999892562,0.0017389999702572,0.0018009999766945,0.0018009999766945,91622
ReddCoin USD,RDD-USD,2021-07-01,0.0018009999766945,0.0020679999142885,0.0016809999942779,0.0017030000453814,0.0017030000453814,122100
ReddCoin USD,RDD-USD,2021-07-02,0.0017049999441951,0.0020190000068396,0.0016570000443607,0.0020169999916106,0.0020169999916106,43156
ReddCoin USD,RDD-USD,2021-07-03,0.0020169999916106,0.0020969999022781,0.0017470000311732,0.0018560000462457,0.0018560000462457,42745
ReddCoin USD,RDD-USD,2021-07-04,0.0018560000462457,0.0021430000197142,0.0017890000017359,0.0017900000093504,0.0017900000093504,121995
ReddCoin USD,RDD-USD,2021-07-05,0.0017910000169649,0.0021019999403506,0.0017249999800696,0.0017579999985173,0.0017579999985173,115665
ReddCoin USD,RDD-USD,2021-07-06,0.0017559999832883,0.0021019999403506,0.0017350000562146,0.0017610000213608,0.0017610000213608,64826
ReddCoin USD,RDD-USD,2021-07-07,0.0017620000289753,0.0020769999828189,0.0017460000235587,0.0020139999687671,0.0020139999687671,71431
ReddCoin USD,RDD-USD,2021-07-08,0.0020149999763816,0.0020210000220686,0.0016880000475794,0.0017300000181421,0.0017300000181421,59093
ReddCoin USD,RDD-USD,2021-07-09,0.0017310000257566,0.0020149999763816,0.0017109999898821,0.0020069999154657,0.0020069999154657,31071
ReddCoin USD,RDD-USD,2021-07-10,0.0020039998926222,0.0020399999339133,0.0016840000171214,0.0019829999655485,0.0019829999655485,84086
ReddCoin USD,RDD-USD,2021-07-11,0.001983999973163,0.0020590000785887,0.0016809999942779,0.0017320000333711,0.0017320000333711,45118
ReddCoin USD,RDD-USD,2021-07-12,0.0017320000333711,0.0020659998990595,0.0016809999942779,0.0017089999746531,0.0017089999746531,85118
ReddCoin USD,RDD-USD,2021-07-13,0.0017089999746531,0.0019700000993907,0.0016489999834448,0.0018880000570788,0.0018880000570788,98477
ReddCoin USD,RDD-USD,2021-07-14,0.0018880000570788,0.0019590000156313,0.0016230000182986,0.0019259999971836,0.0019259999971836,108397
ReddCoin USD,RDD-USD,2021-07-15,0.0019259999971836,0.0019480000482872,0.0015989999519661,0.0018619999755173,0.0018619999755173,34842
ReddCoin USD,RDD-USD,2021-07-16,0.0018660000059753,0.0019829999655485,0.0015800000401213,0.0016580000519752,0.0016580000519752,62643
ReddCoin USD,RDD-USD,2021-07-17,0.0016570000443607,0.0019089999841526,0.001276999944821,0.0015750000020489,0.0015750000020489,355207
ReddCoin USD,RDD-USD,2021-07-18,0.001276999944821,0.0016199999954551,0.0012760000536218,0.0015829999465495,0.0015829999465495,215606
ReddCoin USD,RDD-USD,2021-07-19,0.001583999954164,0.001587999984622,0.0012540000025182,0.0014769999543204,0.0014769999543204,82241
ReddCoin USD,RDD-USD,2021-07-20,0.0014769999543204,0.0014779999619349,0.0011520000407472,0.0012179999612271,0.0012179999612271,40459
ReddCoin USD,RDD-USD,2021-07-21,0.0012179999612271,0.0013480000197887,0.0009660000214353,0.0012929999502375,0.0012929999502375,222539
ReddCoin USD,RDD-USD,2021-07-22,0.0012929999502375,0.0016210000030696,0.0010339999571442,0.00161100004334,0.00161100004334,384921
ReddCoin USD,RDD-USD,2021-07-23,0.0016100000357255,0.0016420000465586,0.0013099999632686,0.0016420000465586,0.0016420000465586,107111
ReddCoin USD,RDD-USD,2021-07-24,0.0016430000541731,0.0017059999518096,0.00140199996531,0.0014189999783411,0.0014189999783411,91134
ReddCoin USD,RDD-USD,2021-07-25,0.0014199999859556,0.0017539999680593,0.0014110000338405,0.0017320000333711,0.0017320000333711,84262
ReddCoin USD,RDD-USD,2021-07-26,0.0017320000333711,0.0023950000759214,0.0015409999759867,0.0018710000440478,0.0018710000440478,533955
ReddCoin USD,RDD-USD,2021-07-27,0.0018690000288188,0.0023030000738799,0.0018319999799132,0.0022650000173598,0.0022650000173598,99823
ReddCoin USD,RDD-USD,2021-07-28,0.0022470001131296,0.0023519999813288,0.0019640000537037,0.0021079999860376,0.0021079999860376,119171
ReddCoin USD,RDD-USD,2021-07-29,0.0021079999860376,0.0023580000270158,0.001975999912247,0.0020290000829845,0.0020290000829845,94026
ReddCoin USD,RDD-USD,2021-07-30,0.0020290000829845,0.0023960000835359,0.0019509999547153,0.0021140000317245,0.0021140000317245,76393
ReddCoin USD,RDD-USD,2021-07-31,0.0024019998963922,0.0024160000029951,0.0020449999719858,0.0020830000285059,0.0020830000285059,45279
ReddCoin USD,RDD-USD,2021-08-01,0.0020800000056624,0.0024510000366717,0.0020250000525265,0.0020379999186843,0.0020379999186843,130725
ReddCoin USD,RDD-USD,2021-08-02,0.0020339998882263,0.0023809999693185,0.0019920000340789,0.0023399998899549,0.0023399998899549,93085
ReddCoin USD,RDD-USD,2021-08-03,0.0023409998975694,0.0023519999813288,0.001912000006996,0.0019170000450685,0.0019170000450685,94579
ReddCoin USD,RDD-USD,2021-08-04,0.001918000052683,0.0028009999077767,0.0019099999917671,0.0021530000958591,0.0021530000958591,106236
ReddCoin USD,RDD-USD,2021-08-05,0.0021530000958591,0.0034429999068379,0.0021520000882446,0.0028699999675154,0.0028699999675154,612431
ReddCoin USD,RDD-USD,2021-08-06,0.0028699999675154,0.0034409998916089,0.0028289998881518,0.0030569999944418,0.0030569999944418,204558
ReddCoin USD,RDD-USD,2021-08-07,0.0030539999715983,0.0035560000687837,0.0030410001054406,0.0034380001015961,0.0034380001015961,167482
ReddCoin USD,RDD-USD,2021-08-08,0.0031850000377744,0.0035759999882429,0.0030400000978261,0.0031640001107007,0.0031640001107007,149267
ReddCoin USD,RDD-USD,2021-08-09,0.0031600000802427,0.0037420000880956,0.0030219999607652,0.0035880000796169,0.0035880000796169,232131
ReddCoin USD,RDD-USD,2021-08-10,0.0035910001024603,0.0036379999946802,0.0032099999953061,0.003565999912098,0.003565999912098,125095
ReddCoin USD,RDD-USD,2021-08-11,0.0032550001051276,0.003701000008732,0.0032150000333786,0.0032349999528378,0.0032349999528378,241196
ReddCoin USD,RDD-USD,2021-08-12,0.0032309999223798,0.0036669999826699,0.0031010000966489,0.0031729999464005,0.0031729999464005,165351
ReddCoin USD,RDD-USD,2021-08-13,0.0031709999311715,0.0037569999694824,0.0031179999932646,0.003400000045076,0.003400000045076,203780
ReddCoin USD,RDD-USD,2021-08-14,0.003398000029847,0.0038419999182224,0.0032850001007318,0.0033819999080151,0.0033819999080151,177716
ReddCoin USD,RDD-USD,2021-08-15,0.0033829999156296,0.0037140001077204,0.003218000056222,0.003658999921754,0.003658999921754,184293
ReddCoin USD,RDD-USD,2021-08-16,0.0036559998989105,0.003698999993503,0.003218000056222,0.0032279998995363,0.0032279998995363,246929
ReddCoin USD,RDD-USD,2021-08-17,0.0032250001095235,0.0036259999033063,0.0027469999622553,0.0027749999426305,0.0027749999426305,224444
ReddCoin USD,RDD-USD,2021-08-18,0.0027749999426305,0.0032190000638365,0.0027570000384002,0.0031429999507963,0.0031429999507963,196172
ReddCoin USD,RDD-USD,2021-08-19,0.0031369999051094,0.0032359999604523,0.0027389999013394,0.0032130000181496,0.0032130000181496,135589
ReddCoin USD,RDD-USD,2021-08-20,0.0029619999695569,0.0038779999595135,0.0029390000272542,0.003480999963358,0.003480999963358,561127
ReddCoin USD,RDD-USD,2021-08-21,0.003480999963358,0.0038940000813454,0.0033819999080151,0.0034320000559091,0.0034320000559091,130943
ReddCoin USD,RDD-USD,2021-08-22,0.0034300000406801,0.0038890000432729,0.0029309999663382,0.0034419998992234,0.0034419998992234,502000
ReddCoin USD,RDD-USD,2021-08-23,0.0034419998992234,0.0035139999818056,0.0029859999194741,0.0034620000515133,0.0034620000515133,188157
ReddCoin USD,RDD-USD,2021-08-24,0.0034620000515133,0.0034880000166594,0.0029599999543279,0.0033380000386387,0.0033380000386387,151135
ReddCoin USD,RDD-USD,2021-08-25,0.0033350000157952,0.0034229999873787,0.0029400000348687,0.0033269999548792,0.0033269999548792,87968
ReddCoin USD,RDD-USD,2021-08-26,0.0033269999548792,0.0033589999657124,0.0028699999675154,0.0028729999903589,0.0028729999903589,77835
ReddCoin USD,RDD-USD,2021-08-27,0.0028729999903589,0.0033950000070035,0.0028570001013576,0.0033859999384731,0.0033859999384731,82600
ReddCoin USD,RDD-USD,2021-08-28,0.003387999953702,0.0034070000983774,0.0029390000272542,0.0033539999276399,0.0033539999276399,115706
ReddCoin USD,RDD-USD,2021-08-29,0.0033539999276399,0.0034010000526905,0.002917000092566,0.0029829998966306,0.0029829998966306,101981
ReddCoin USD,RDD-USD,2021-08-30,0.0029829998966306,0.0033100000582635,0.0028369999490678,0.0028379999566823,0.0028379999566823,107221
ReddCoin USD,RDD-USD,2021-08-31,0.0028409999795258,0.0032800000626593,0.0028119999915361,0.0028299998957663,0.0028299998957663,338014
ReddCoin USD,RDD-USD,2021-09-01,0.0032679999712854,0.0033929999917745,0.0023970000911504,0.0033760000951588,0.0033760000951588,427451
ReddCoin USD,RDD-USD,2021-09-02,0.0033730000723153,0.0034280000254511,0.0024739999789744,0.0025929999537765,0.0025929999537765,310070
ReddCoin USD,RDD-USD,2021-09-03,0.0025929999537765,0.003480999963358,0.0025229998864233,0.0030139998998492,0.0030139998998492,177470
ReddCoin USD,RDD-USD,2021-09-04,0.0030129998922348,0.0034650000743567,0.0029800001066178,0.003000000026077,0.003000000026077,143868
ReddCoin USD,RDD-USD,2021-09-05,0.003000000026077,0.0034650000743567,0.0029710000380873,0.0031399999279528,0.0031399999279528,99420
ReddCoin USD,RDD-USD,2021-09-06,0.0031399999279528,0.0035419999621808,0.0030720001086592,0.0031510000117123,0.0031510000117123,177985
ReddCoin USD,RDD-USD,2021-09-07,0.0031510000117123,0.0035550000611692,0.0024270000867545,0.0028440000023692,0.0028440000023692,335885
ReddCoin USD,RDD-USD,2021-09-08,0.0028480000328272,0.0032210000790655,0.0023320000618696,0.0031399999279528,0.0031399999279528,217405
ReddCoin USD,RDD-USD,2021-09-09,0.0031049998942762,0.0032170000486075,0.0023809999693185,0.0031709999311715,0.0031709999311715,241723
ReddCoin USD,RDD-USD,2021-09-10,0.003171999938786,0.00322200008668,0.0023380001075565,0.0023709998931735,0.0023709998931735,74891
ReddCoin USD,RDD-USD,2021-09-11,0.002371999900788,0.0031200000084936,0.0023360000923275,0.0030539999715983,0.0030539999715983,128240
ReddCoin USD,RDD-USD,2021-09-12,0.0030549999792128,0.0031230000313371,0.0023439999204128,0.0030879999976605,0.0030879999976605,68439
ReddCoin USD,RDD-USD,2021-09-13,0.0030859999824315,0.0030920000281184,0.0023709998931735,0.0029649999924004,0.0029649999924004,88076
ReddCoin USD,RDD-USD,2021-09-14,0.0029649999924004,0.0031900000758469,0.0023729999084025,0.0028190000448375,0.0028190000448375,144001
ReddCoin USD,RDD-USD,2021-09-15,0.0028190000448375,0.0032919999212026,0.0024500000290572,0.0032679999712854,0.0032679999712854,209997
ReddCoin USD,RDD-USD,2021-09-16,0.0032689999788999,0.0032989999745041,0.0024679999332875,0.0032130000181496,0.0032130000181496,239127
ReddCoin USD,RDD-USD,2021-09-17,0.0032130000181496,0.0032599999103695,0.0024290001019835,0.0032289999071508,0.0032289999071508,357769
ReddCoin USD,RDD-USD,2021-09-18,0.0032309999223798,0.0033370000310242,0.0024270000867545,0.0032780000474303,0.0032780000474303,278558
ReddCoin USD,RDD-USD,2021-09-19,0.0032800000626593,0.0033100000582635,0.0024079999420791,0.0024419999681413,0.0024419999681413,223935
ReddCoin USD,RDD-USD,2021-09-20,0.0024409999605268,0.0032349999528378,0.0021879998967051,0.0025639999657869,0.0025639999657869,341515
ReddCoin USD,RDD-USD,2021-09-21,0.0025619999505579,0.002600000007078,0.0020850000437349,0.002119000069797,0.002119000069797,131173
ReddCoin USD,RDD-USD,2021-09-22,0.0021240001078695,0.0025510000996291,0.0020979999098926,0.0022350000217556,0.0022350000217556,161730
ReddCoin USD,RDD-USD,2021-09-23,0.0024149999953806,0.0026459998916834,0.0021939999423921,0.0022750000935047,0.0022750000935047,66793
ReddCoin USD,RDD-USD,2021-09-24,0.0022750000935047,0.0026509999297559,0.0020779999904334,0.0024019998963922,0.0024019998963922,71710
ReddCoin USD,RDD-USD,2021-09-25,0.0024009998887777,0.0024719999637454,0.0021250001154839,0.0021989999804645,0.0021989999804645,50546
ReddCoin USD,RDD-USD,2021-09-26,0.0021989999804645,0.0024429999757558,0.0021319999359548,0.0024270000867545,0.0024270000867545,36144
ReddCoin USD,RDD-USD,2021-09-27,0.00242600007914,0.0025180000811815,0.0021309999283403,0.0021329999435693,0.0021329999435693,47665
ReddCoin USD,RDD-USD,2021-09-28,0.0021329999435693,0.0024719999637454,0.0020590000785887,0.002295000012964,0.002295000012964,79011
ReddCoin USD,RDD-USD,2021-09-29,0.0022960000205785,0.0024580000899732,0.0020789999980479,0.0020920000970363,0.0020920000970363,52888
ReddCoin USD,RDD-USD,2021-09-30,0.0020940001122653,0.0025720000267028,0.0020900000818073,0.0022050000261515,0.0022050000261515,71460
ReddCoin USD,RDD-USD,2021-10-01,0.002509000012651,0.0028359999414533,0.0021929999347776,0.0024780000094324,0.0024780000094324,143118
ReddCoin USD,RDD-USD,2021-10-02,0.0024780000094324,0.0028230000752955,0.0024230000562965,0.002464999910444,0.002464999910444,49983
ReddCoin USD,RDD-USD,2021-10-03,0.0024639999028295,0.0027660001069307,0.0023970000911504,0.0025019999593496,0.0025019999593496,76378
ReddCoin USD,RDD-USD,2021-10-04,0.0025019999593496,0.0028339999262243,0.0023769999388605,0.0024719999637454,0.0024719999637454,77957
ReddCoin USD,RDD-USD,2021-10-05,0.0024719999637454,0.0029720000457018,0.0024470000062137,0.0029470000881701,0.0029470000881701,129891
ReddCoin USD,RDD-USD,2021-10-06,0.0029569999314844,0.0029579999390989,0.0020600000862032,0.0027119999285787,0.0027119999285787,696687
ReddCoin USD,RDD-USD,2021-10-07,0.0027109999209642,0.0027149999514222,0.0021659999620169,0.0021689999848604,0.0021689999848604,155288
ReddCoin USD,RDD-USD,2021-10-08,0.0021720000077039,0.0026259999722242,0.0021699999924749,0.00219799997285,0.00219799997285,154551
ReddCoin USD,RDD-USD,2021-10-09,0.0021989999804645,0.002606000052765,0.0021770000457763,0.002600000007078,0.002600000007078,114403
ReddCoin USD,RDD-USD,2021-10-10,0.002600000007078,0.0026990000624209,0.0021969999652355,0.002208000048995,0.002208000048995,79792
ReddCoin USD,RDD-USD,2021-10-11,0.0022070000413805,0.0027600000612437,0.0022009999956935,0.0026990000624209,0.0026990000624209,136302
ReddCoin USD,RDD-USD,2021-10-12,0.0027000000700354,0.0027540000155568,0.0022199999075382,0.0022720000706613,0.0022720000706613,109177
ReddCoin USD,RDD-USD,2021-10-13,0.0022720000706613,0.0026140001136809,0.0022299999836832,0.0025589999277144,0.0025589999277144,74192
ReddCoin USD,RDD-USD,2021-10-14,0.0025589999277144,0.0028550000861287,0.0022839999292045,0.0027840000111609,0.0027840000111609,385268
ReddCoin USD,RDD-USD,2021-10-15,0.0022980000358074,0.003004000056535,0.002284999936819,0.0029140000697225,0.0029140000697225,134886
ReddCoin USD,RDD-USD,2021-10-16,0.002913000062108,0.0029180001001805,0.0024139999877661,0.0024709999561309,0.0024709999561309,86685
ReddCoin USD,RDD-USD,2021-10-17,0.0024709999561309,0.002860999898985,0.0023729999084025,0.002462999895215,0.002462999895215,236637
ReddCoin USD,RDD-USD,2021-10-18,0.002462999895215,0.0028170000296086,0.0024160000029951,0.0024989999365061,0.0024989999365061,124057
ReddCoin USD,RDD-USD,2021-10-19,0.0024989999365061,0.0029060000088065,0.0024770000018179,0.0025730000343173,0.0025730000343173,117585
ReddCoin USD,RDD-USD,2021-10-20,0.0025730000343173,0.0030559999868273,0.0025100000202655,0.002991999965161,0.002991999965161,179781
ReddCoin USD,RDD-USD,2021-10-21,0.002991999965161,0.002991999965161,0.0025220001116394,0.0027610000688582,0.0027610000688582,168063
ReddCoin USD,RDD-USD,2021-10-22,0.0027610000688582,0.0028580001089721,0.0024520000442862,0.0024719999637454,0.0024719999637454,107947
ReddCoin USD,RDD-USD,2021-10-23,0.0024719999637454,0.0028760000132024,0.0024170000106096,0.0025009999517351,0.0025009999517351,6593620
ReddCoin USD,RDD-USD,2021-10-24,0.0025019999593496,0.0027159999590367,0.0017780000343918,0.0024719999637454,0.0024719999637454,145405
ReddCoin USD,RDD-USD,2021-10-25,0.0024719999637454,0.0028919999022036,0.0019620000384747,0.00251100002788,0.00251100002788,521208
ReddCoin USD,RDD-USD,2021-10-26,0.0025120000354945,0.0030980000738054,0.0019049999536946,0.001914000022225,0.001914000022225,614548
ReddCoin USD,RDD-USD,2021-10-27,0.0024160000029951,0.00251100002788,0.001897000009194,0.0021869998890906,0.0021869998890906,397823
ReddCoin USD,RDD-USD,2021-10-28,0.0019000000320374,0.002519000088796,0.0018720000516623,0.0021160000469535,0.0021160000469535,2447400
ReddCoin USD,RDD-USD,2021-10-29,0.0020880000665783,0.002339000115171,0.0018830000190064,0.0021629999391734,0.0021629999391734,306608
ReddCoin USD,RDD-USD,2021-10-30,0.0021510000806301,0.0023350000847131,0.0019409999949857,0.0022160001099109,0.0022160001099109,231073
ReddCoin USD,RDD-USD,2021-10-31,0.0022179998923093,0.0024610001128166,0.0018649999983608,0.0019030000548809,0.0019030000548809,615422
ReddCoin USD,RDD-USD,2021-11-01,0.0019030000548809,0.002428000094369,0.0018479999853298,0.001979999942705,0.001979999942705,141141
ReddCoin USD,RDD-USD,2021-11-02,0.001979999942705,0.002422000048682,0.001979999942705,0.0020310000982135,0.0020310000982135,200800
ReddCoin USD,RDD-USD,2021-11-03,0.002379999961704,0.0024309998843818,0.001983999973163,0.0023429999127984,0.0023429999127984,194659
ReddCoin USD,RDD-USD,2021-11-04,0.0023429999127984,0.0023890000302344,0.0020029998850077,0.0023360000923275,0.0023360000923275,126542
ReddCoin USD,RDD-USD,2021-11-05,0.0023290000390261,0.0024059999268501,0.0020610000938177,0.0023670000955462,0.0023670000955462,100972
ReddCoin USD,RDD-USD,2021-11-06,0.0020639998838305,0.0030249999836087,0.0018899999558925,0.0030219999607652,0.0030219999607652,930223
ReddCoin USD,RDD-USD,2021-11-07,0.0030209999531507,0.0030600000172853,0.0024570000823587,0.0028989999555051,0.0028989999555051,394137
ReddCoin USD,RDD-USD,2021-11-08,0.0028999999631196,0.0031099999323487,0.0025430000387132,0.0031079999171197,0.0031079999171197,319426
ReddCoin USD,RDD-USD,2021-11-09,0.0027030000928789,0.0032089999876916,0.0026630000211298,0.0027270000427961,0.0027270000427961,217082
ReddCoin USD,RDD-USD,2021-11-10,0.0027270000427961,0.0034690001048147,0.0025810000952333,0.0029509998857975,0.0029509998857975,206885
ReddCoin USD,RDD-USD,2021-11-11,0.0029529999010264,0.0030610000248998,0.0025649999734014,0.0026599999982863,0.0026599999982863,212579
ReddCoin USD,RDD-USD,2021-11-12,0.0026610000059008,0.0030149999074637,0.0025730000343173,0.002602000022307,0.002602000022307,104333
ReddCoin USD,RDD-USD,2021-11-13,0.002602000022307,0.0029420000500977,0.0025639999657869,0.0026769998949021,0.0026769998949021,113077
ReddCoin USD,RDD-USD,2021-11-14,0.0026769998949021,0.0029329999815672,0.0025859999004751,0.0028959999326616,0.0028959999326616,123693
ReddCoin USD,RDD-USD,2021-11-15,0.0028949999250471,0.0029700000304728,0.0025579999200999,0.0029619999695569,0.0029619999695569,111812
ReddCoin USD,RDD-USD,2021-11-16,0.0029599999543279,0.0029660000000149,0.0023789999540895,0.0024160000029951,0.0024160000029951,139237
ReddCoin USD,RDD-USD,2021-11-17,0.0024139999877661,0.0028639999218285,0.0023749999236315,0.0024210000410676,0.0024210000410676,134035
ReddCoin USD,RDD-USD,2021-11-18,0.0028580001089721,0.0028830000665038,0.002284999936819,0.0023179999552667,0.0023179999552667,72491
ReddCoin USD,RDD-USD,2021-11-19,0.0023179999552667,0.0026700000744313,0.0022819999139755,0.0026479999069124,0.0026479999069124,97777
ReddCoin USD,RDD-USD,2021-11-20,0.0026469998992979,0.002773999935016,0.0023149999324232,0.0027689998969435,0.0027689998969435,97754
ReddCoin USD,RDD-USD,2021-11-21,0.0027689998969435,0.0027880000416189,0.0023499999660998,0.0026680000592023,0.0026680000592023,77456
ReddCoin USD,RDD-USD,2021-11-22,0.0026700000744313,0.0026819999329745,0.0022640000097453,0.0025029999669641,0.0025029999669641,57006
ReddCoin USD,RDD-USD,2021-11-23,0.0025009999517351,0.0028089999686926,0.0022330000065267,0.0023070001043379,0.0023070001043379,194549
ReddCoin USD,RDD-USD,2021-11-24,0.0023060000967234,0.0028099999763071,0.0022569999564439,0.0022619999945163,0.0022619999945163,102170
ReddCoin USD,RDD-USD,2021-11-25,0.0027099999133497,0.0027960001025348,0.0022899999748915,0.0023040000814944,0.0023040000814944,96063
ReddCoin USD,RDD-USD,2021-11-26,0.002377999946475,0.0027590000536292,0.0021659999620169,0.0024790000170469,0.0024790000170469,107029
ReddCoin USD,RDD-USD,2021-11-27,0.0024780000094324,0.0025470000691711,0.0021850001066923,0.0022259999532252,0.0022259999532252,75495
ReddCoin USD,RDD-USD,2021-11-28,0.0022279999684542,0.0025899999309331,0.002155999885872,0.0025599999353289,0.0025599999353289,48830
ReddCoin USD,RDD-USD,2021-11-29,0.0025609999429434,0.002773999935016,0.0022670000325888,0.0023260000161826,0.0023260000161826,149879
ReddCoin USD,RDD-USD,2021-11-30,0.0023270000237971,0.0027610000688582,0.0022710000630468,0.0023020000662654,0.0023020000662654,138356
ReddCoin USD,RDD-USD,2021-12-01,0.0023020000662654,0.0027819999959319,0.0017780000343918,0.0022919999901205,0.0022919999901205,419238
ReddCoin USD,RDD-USD,2021-12-02,0.0018009999766945,0.0027870000340044,0.0017659999430179,0.0025730000343173,0.0025730000343173,332726
ReddCoin USD,RDD-USD,2021-12-03,0.0018840000266209,0.0025899999309331,0.0018799999961629,0.0021470000501722,0.0021470000501722,191008
ReddCoin USD,RDD-USD,2021-12-04,0.0021460000425577,0.0024969999212771,0.0016339999856427,0.0019490000559017,0.0019490000559017,368244
ReddCoin USD,RDD-USD,2021-12-05,0.0019490000559017,0.0022539999336004,0.0016299999551847,0.0019219999667257,0.0019219999667257,119043
ReddCoin USD,RDD-USD,2021-12-06,0.0019219999667257,0.0022140000946819,0.0016139999497681,0.002030000090599,0.002030000090599,189563
ReddCoin USD,RDD-USD,2021-12-07,0.0020310000982135,0.0022720000706613,0.0019809999503195,0.0020059999078512,0.0020059999078512,154839
ReddCoin USD,RDD-USD,2021-12-08,0.0020059999078512,0.002030000090599,0.0014449999434873,0.001520000048913,0.001520000048913,1421080
ReddCoin USD,RDD-USD,2021-12-09,0.0015190000412985,0.0015510000521317,0.0009840000420808,0.0010169999441131,0.0010169999441131,2863126
ReddCoin USD,RDD-USD,2021-12-10,0.001016000052914,0.0014479999663308,0.0009950000094249,0.0010130000300705,0.0010130000300705,442057
ReddCoin USD,RDD-USD,2021-12-11,0.0010199999669566,0.0012339999666437,0.0009840000420808,0.0010130000300705,0.0010130000300705,269330
ReddCoin USD,RDD-USD,2021-12-12,0.001012000022456,0.0012229999992996,0.0008329999982379,0.0010199999669566,0.0010199999669566,240922
ReddCoin USD,RDD-USD,2021-12-13,0.0010209999745711,0.0011940000113099,0.0007420000038109,0.0009299999801442,0.0009299999801442,335458
ReddCoin USD,RDD-USD,2021-12-14,0.0009309999877586,0.0009490000084042,0.0006830000202171,0.0008900000248104,0.0008900000248104,232896
ReddCoin USD,RDD-USD,2021-12-15,0.0009280000231228,0.0009830000344663,0.0007559999939985,0.0008679999737069,0.0008679999737069,88032
ReddCoin USD,RDD-USD,2021-12-16,0.0008699999889358,0.0009810000192373,0.0008309999830089,0.0009239999926649,0.0009239999926649,141660
ReddCoin USD,RDD-USD,2021-12-17,0.0009239999926649,0.0009420000133104,0.0007910000276751,0.0008950000046752,0.0008950000046752,74393
ReddCoin USD,RDD-USD,2021-12-18,0.0008939999970607,0.0009200000204145,0.0008190000080503,0.0008619999862276,0.0008619999862276,46565
ReddCoin USD,RDD-USD,2021-12-19,0.0008619999862276,0.0009369999752379,0.0007060000207275,0.0007060000207275,0.0007060000207275,56065
ReddCoin USD,RDD-USD,2021-12-20,0.0007060000207275,0.0011650000233203,0.0007060000207275,0.0009490000084042,0.0009490000084042,301444
ReddCoin USD,RDD-USD,2021-12-21,0.0009490000084042,0.0014850000152364,0.0009469999931752,0.0012059999862685,0.0012059999862685,830993
ReddCoin USD,RDD-USD,2021-12-22,0.0012059999862685,0.0013030000263825,0.0010880000190809,0.0012329999590292,0.0012329999590292,203381
ReddCoin USD,RDD-USD,2021-12-23,0.0012329999590292,0.0013340000296011,0.0011070000473409,0.0012410000199452,0.0012410000199452,185874
ReddCoin USD,RDD-USD,2021-12-24,0.0011549999471753,0.0014769999543204,0.0011139999842271,0.0013909999979659,0.0013909999979659,230194
ReddCoin USD,RDD-USD,2021-12-25,0.0013909999979659,0.0014009999576956,0.0010150000452995,0.0013200000394135,0.0013200000394135,93607
ReddCoin USD,RDD-USD,2021-12-26,0.0013200000394135,0.001410000026226,0.0012580000329762,0.0013810000382363,0.0013810000382363,65441
ReddCoin USD,RDD-USD,2021-12-27,0.0013810000382363,0.0014090000186115,0.0013289999915286,0.0013589999871328,0.0013589999871328,80877
ReddCoin USD,RDD-USD,2021-12-28,0.0013589999871328,0.0013790000230073,0.0011930000036954,0.0012140000471845,0.0012140000471845,147966
ReddCoin USD,RDD-USD,2021-12-29,0.0012329999590292,0.0012329999590292,0.0010789999505504,0.0011129999766126,0.0011129999766126,162585
ReddCoin USD,RDD-USD,2021-12-30,0.0011429999722167,0.00129799998831,0.0010450000409036,0.0011950000189244,0.0011950000189244,124017
ReddCoin USD,RDD-USD,2021-12-31,0.0011950000189244,0.0011950000189244,0.0010369999799877,0.0010900000343099,0.0010900000343099,84151
ReddCoin USD,RDD-USD,2022-01-01,0.0010890000266954,0.0011119999689981,0.0010000000474974,0.0010829999810084,0.0010829999810084,87994
ReddCoin USD,RDD-USD,2022-01-02,0.0010629999451339,0.0014220000011846,0.001005999976769,0.0014199999859556,0.0014199999859556,63279
ReddCoin USD,RDD-USD,2022-01-03,0.0014199999859556,0.0014199999859556,0.001007999991998,0.0011099999537691,0.0011099999537691,77129
ReddCoin USD,RDD-USD,2022-01-04,0.0011099999537691,0.0014220000011846,0.001077999942936,0.0013770000077784,0.0013770000077784,70544
ReddCoin USD,RDD-USD,2022-01-05,0.0013770000077784,0.001408000010997,0.0009250000002793,0.0009510000236332,0.0009510000236332,89526
ReddCoin USD,RDD-USD,2022-01-06,0.0009510000236332,0.0011540000559762,0.0009330000029876,0.0010689999908208,0.0010689999908208,153197
ReddCoin USD,RDD-USD,2022-01-07,0.0010689999908208,0.0012489999644458,0.0009860000573098,0.0011810000287368,0.0011810000287368,79011
ReddCoin USD,RDD-USD,2022-01-08,0.0011820000363513,0.0011980000417679,0.001014000037685,0.0010329999495297,0.0010329999495297,49283
ReddCoin USD,RDD-USD,2022-01-09,0.0010329999495297,0.0010639999527484,0.0010239999974146,0.0010300000431016,0.0010300000431016,45097
ReddCoin USD,RDD-USD,2022-01-10,0.0010300000431016,0.0010440000332891,0.0009340000106021,0.0009950000094249,0.0009950000094249,59141
ReddCoin USD,RDD-USD,2022-01-11,0.0009950000094249,0.0010089999996125,0.0009599999757483,0.001007999991998,0.001007999991998,65392
ReddCoin USD,RDD-USD,2022-01-12,0.001007999991998,0.0010770000517368,0.0009229999850504,0.0010270000202581,0.0010270000202581,62053
ReddCoin USD,RDD-USD,2022-01-13,0.0010270000202581,0.0010359999723732,0.0009850000496953,0.0009990000398829,0.0009990000398829,44068
ReddCoin USD,RDD-USD,2022-01-14,0.0009990000398829,0.0010010000551119,0.0009079999872483,0.0009500000160187,0.0009500000160187,92619
ReddCoin USD,RDD-USD,2022-01-15,0.0009500000160187,0.0010590000310912,0.0009500000160187,0.001010000007227,0.001010000007227,46174
ReddCoin USD,RDD-USD,2022-01-16,0.001010000007227,0.0010600000387057,0.001005999976769,0.001005999976769,0.001005999976769,20691
ReddCoin USD,RDD-USD,2022-01-17,0.001005999976769,0.001016000052914,0.0009100000024773,0.0009689999860711,0.0009689999860711,77757
ReddCoin USD,RDD-USD,2022-01-18,0.0009599999757483,0.0010000000474974,0.0009500000160187,0.0009899999713525,0.0009899999713525,40891
ReddCoin USD,RDD-USD,2022-01-19,0.0009899999713525,0.0009899999713525,0.00089999998454,0.0009100000024773,0.0009100000024773,44888
ReddCoin USD,RDD-USD,2022-01-20,0.0009100000024773,0.0009319999953731,0.0008370000286959,0.0009110000100918,0.0009110000100918,52831
ReddCoin USD,RDD-USD,2022-01-21,0.0009110000100918,0.0011650000233203,0.0007290000212378,0.0007989999721758,0.0007989999721758,128262
ReddCoin USD,RDD-USD,2022-01-22,0.0007999999797903,0.0010550000006332,0.0006300000241026,0.0010400000028312,0.0010400000028312,126620
ReddCoin USD,RDD-USD,2022-01-23,0.0010400000028312,0.0010539999930188,0.0007409999961964,0.0008309999830089,0.0008309999830089,50438
ReddCoin USD,RDD-USD,2022-01-24,0.0008309999830089,0.0010799999581649,0.000668000022415,0.0008210000232793,0.0008210000232793,61975
ReddCoin USD,RDD-USD,2022-01-25,0.0008210000232793,0.0010890000266954,0.0007259999983943,0.0007420000038109,0.0007420000038109,61379
ReddCoin USD,RDD-USD,2022-01-26,0.0007420000038109,0.0008900000248104,0.0007360000163316,0.0007459999760612,0.0007459999760612,37035
ReddCoin USD,RDD-USD,2022-01-27,0.0007459999760612,0.0008829999715089,0.0007249999907799,0.0008060000254772,0.0008060000254772,38626
ReddCoin USD,RDD-USD,2022-01-28,0.0008060000254772,0.0008420000085607,0.0007900000200606,0.0007999999797903,0.0007999999797903,29656
ReddCoin USD,RDD-USD,2022-01-29,0.0007999999797903,0.0008309999830089,0.0007800000021234,0.000811000005342,0.000811000005342,28947
ReddCoin USD,RDD-USD,2022-01-30,0.000811000005342,0.0008210000232793,0.0007900000200606,0.0008200000156648,0.0008200000156648,14232
ReddCoin USD,RDD-USD,2022-01-31,0.0008200000156648,0.0008200000156648,0.0007500000065192,0.0007699999841861,0.0007699999841861,53711
ReddCoin USD,RDD-USD,2022-02-01,0.0007699999841861,0.0008609999786131,0.0007600000244565,0.0008399999933317,0.0008399999933317,51173
ReddCoin USD,RDD-USD,2022-02-02,0.0008399999933317,0.0008410000009462,0.0007699999841861,0.0007699999841861,0.0007699999841861,37721
ReddCoin USD,RDD-USD,2022-02-03,0.0007699999841861,0.0007810000097379,0.0007280000136233,0.0007680000271648,0.0007680000271648,48051
ReddCoin USD,RDD-USD,2022-02-04,0.0007680000271648,0.0008149999775923,0.0007500000065192,0.0007960000075399,0.0007960000075399,48306
ReddCoin USD,RDD-USD,2022-02-05,0.0007960000075399,0.0008950000046752,0.0007750000222586,0.0008319999906234,0.0008319999906234,57161
ReddCoin USD,RDD-USD,2022-02-06,0.0008319999906234,0.0008720000041648,0.0008009999874047,0.0008699999889358,0.0008699999889358,40057
ReddCoin USD,RDD-USD,2022-02-07,0.0008699999889358,0.0009110000100918,0.0008309999830089,0.0008810000144876,0.0008810000144876,55101
ReddCoin USD,RDD-USD,2022-02-08,0.0008810000144876,0.0009009999921545,0.0008219999726861,0.0008430000161752,0.0008430000161752,39032
ReddCoin USD,RDD-USD,2022-02-09,0.0008430000161752,0.0008529999759048,0.0008009999874047,0.0008510000188834,0.0008510000188834,48269
ReddCoin USD,RDD-USD,2022-02-10,0.0008510000188834,0.0008549999911338,0.0008019999950192,0.0008309999830089,0.0008309999830089,34756
ReddCoin USD,RDD-USD,2022-02-11,0.0008309999830089,0.0008309999830089,0.0007609999738633,0.0007810000097379,0.0007810000097379,52470
ReddCoin USD,RDD-USD,2022-02-12,0.0007810000097379,0.000811000005342,0.0007800000021234,0.0008099999977275,0.0008099999977275,40810
ReddCoin USD,RDD-USD,2022-02-13,0.0008099999977275,0.0008299999753944,0.0007699999841861,0.0007999999797903,0.0007999999797903,41440
ReddCoin USD,RDD-USD,2022-02-14,0.0007999999797903,0.0008299999753944,0.0007699999841861,0.0007900000200606,0.0007900000200606,19202
ReddCoin USD,RDD-USD,2022-02-15,0.0007900000200606,0.0008909999742172,0.0007800000021234,0.0008699999889358,0.0008699999889358,67135
ReddCoin USD,RDD-USD,2022-02-16,0.0008699999889358,0.0008909999742172,0.0008200000156648,0.0008379999781027,0.0008379999781027,29193
ReddCoin USD,RDD-USD,2022-02-17,0.0008379999781027,0.00084799999604,0.0007929999846965,0.000808999990113,0.000808999990113,27798
ReddCoin USD,RDD-USD,2022-02-18,0.000808999990113,0.0008200000156648,0.0007600000244565,0.0007699999841861,0.0007699999841861,46487
ReddCoin USD,RDD-USD,2022-02-19,0.0007699999841861,0.0008009999874047,0.0007440000190399,0.0007639999967068,0.0007639999967068,24947
ReddCoin USD,RDD-USD,2022-02-20,0.0007639999967068,0.0007709999918006,0.0007280000136233,0.0007510000141337,0.0007510000141337,23530
ReddCoin USD,RDD-USD,2022-02-21,0.0007510000141337,0.0007910000276751,0.0007370000239461,0.0007600000244565,0.0007600000244565,20208
ReddCoin USD,RDD-USD,2022-02-22,0.0007600000244565,0.0007910000276751,0.0007099999929778,0.0007600000244565,0.0007600000244565,41516
ReddCoin USD,RDD-USD,2022-02-23,0.0007600000244565,0.0007999999797903,0.0007420000038109,0.0007500000065192,0.0007500000065192,13085
ReddCoin USD,RDD-USD,2022-02-24,0.0007500000065192,0.0007639999967068,0.0006699999794363,0.0007110000005923,0.0007110000005923,64648
ReddCoin USD,RDD-USD,2022-02-25,0.0007110000005923,0.0007699999841861,0.0006699999794363,0.0006900000153109,0.0006900000153109,52992
ReddCoin USD,RDD-USD,2022-02-26,0.0006900000153109,0.0007110000005923,0.0006900000153109,0.0006910000229254,0.0006910000229254,29183
ReddCoin USD,RDD-USD,2022-02-27,0.0006910000229254,0.000705000013113,0.0006590000120922,0.0006799999973736,0.0006799999973736,24151
ReddCoin USD,RDD-USD,2022-02-28,0.0006799999973736,0.0007110000005923,0.0006600000197067,0.0007099999929778,0.0007099999929778,44421
ReddCoin USD,RDD-USD,2022-03-01,0.0007099999929778,0.0007110000005923,0.0006799999973736,0.0006999999750405,0.0006999999750405,60650
ReddCoin USD,RDD-USD,2022-03-02,0.0006999999750405,0.000700999982655,0.0006590000120922,0.0006890000076964,0.0006890000076964,27110
ReddCoin USD,RDD-USD,2022-03-03,0.0006890000076964,0.0006910000229254,0.0006130000110715,0.0006419999990612,0.0006419999990612,37604
ReddCoin USD,RDD-USD,2022-03-04,0.0006419999990612,0.0006530000246129,0.0006130000110715,0.0006319999811239,0.0006319999811239,34419
ReddCoin USD,RDD-USD,2022-03-05,0.000612000003457,0.0006419999990612,0.0005959999980404,0.0006220000213943,0.0006220000213943,22474
ReddCoin USD,RDD-USD,2022-03-06,0.0006220000213943,0.000700999982655,0.0006009999779053,0.0006699999794363,0.0006699999794363,40856
ReddCoin USD,RDD-USD,2022-03-07,0.0006699999794363,0.0006799999973736,0.0006300000241026,0.0006300000241026,0.0006300000241026,27126
ReddCoin USD,RDD-USD,2022-03-08,0.0006300000241026,0.0006500000017695,0.0005900000105611,0.0006200000061653,0.0006200000061653,38629
ReddCoin USD,RDD-USD,2022-03-09,0.0006200000061653,0.000850000011269,0.0006000000284984,0.0006610000273212,0.0006610000273212,41618
ReddCoin USD,RDD-USD,2022-03-10,0.0006610000273212,0.0006900000153109,0.0006259999936446,0.0006450000219047,0.0006450000219047,18631
ReddCoin USD,RDD-USD,2022-03-11,0.0006450000219047,0.000663999991957,0.0006309999735094,0.000651000009384,0.000651000009384,8246
ReddCoin USD,RDD-USD,2022-03-12,0.000651000009384,0.0006810000049881,0.0006360000115819,0.0006399999838322,0.0006399999838322,14525
ReddCoin USD,RDD-USD,2022-03-13,0.0006399999838322,0.0006520000169984,0.0006000000284984,0.000609999988228,0.000609999988228,17105
ReddCoin USD,RDD-USD,2022-03-14,0.000609999988228,0.0006399999838322,0.0005900000105611,0.0006200000061653,0.0006200000061653,22183
ReddCoin USD,RDD-USD,2022-03-15,0.0006200000061653,0.0006740000098943,0.0006200000061653,0.000651000009384,0.000651000009384,18788
ReddCoin USD,RDD-USD,2022-03-16,0.000651000009384,0.0006750000175088,0.0006409999914467,0.0006709999870508,0.0006709999870508,22853
ReddCoin USD,RDD-USD,2022-03-17,0.0006709999870508,0.0006709999870508,0.000648999994155,0.000651000009384,0.000651000009384,11271
ReddCoin USD,RDD-USD,2022-03-18,0.000651000009384,0.0006730000022798,0.0006329999887384,0.0006699999794363,0.0006699999794363,11400
ReddCoin USD,RDD-USD,2022-03-19,0.0006699999794363,0.0006799999973736,0.0005799999926239,0.0006799999973736,0.0006799999973736,58704
ReddCoin USD,RDD-USD,2022-03-20,0.0006799999973736,0.0006900000153109,0.0006389999762177,0.000651000009384,0.000651000009384,19184
ReddCoin USD,RDD-USD,2022-03-21,0.000651000009384,0.0006619999767281,0.0006300000241026,0.0006610000273212,0.0006610000273212,22354
ReddCoin USD,RDD-USD,2022-03-22,0.0006610000273212,0.0008609999786131,0.000651000009384,0.0006719999946653,0.0006719999946653,21922
ReddCoin USD,RDD-USD,2022-03-23,0.0006719999946653,0.0008449999731965,0.0006389999762177,0.0006600000197067,0.0006600000197067,41077
ReddCoin USD,RDD-USD,2022-03-24,0.0006600000197067,0.0006999999750405,0.000648999994155,0.0006799999973736,0.0006799999973736,35850
ReddCoin USD,RDD-USD,2022-03-25,0.0006799999973736,0.0007609999738633,0.0006210000137798,0.0006709999870508,0.0006709999870508,82939
ReddCoin USD,RDD-USD,2022-03-26,0.0006709999870508,0.0009229999850504,0.0006600000197067,0.0006799999973736,0.0006799999973736,24088
ReddCoin USD,RDD-USD,2022-03-27,0.0006799999973736,0.0007500000065192,0.0006600000197067,0.0006999999750405,0.0006999999750405,39880
ReddCoin USD,RDD-USD,2022-03-28,0.0007200000109151,0.0007510000141337,0.0006699999794363,0.0007229999755509,0.0007229999755509,49899
ReddCoin USD,RDD-USD,2022-03-29,0.0007229999755509,0.000953999988269,0.000702999997884,0.0007140000234358,0.0007140000234358,21508
ReddCoin USD,RDD-USD,2022-03-30,0.0007140000234358,0.0009490000084042,0.0006760000251233,0.0006999999750405,0.0006999999750405,31636
ReddCoin USD,RDD-USD,2022-03-31,0.0006999999750405,0.0007300000288523,0.0006699999794363,0.0006699999794363,0.0006699999794363,45576
ReddCoin USD,RDD-USD,2022-04-01,0.0006699999794363,0.0010580000234767,0.0006600000197067,0.0007099999929778,0.0007099999929778,33246
ReddCoin USD,RDD-USD,2022-04-02,0.0007099999929778,0.0007099999929778,0.0006799999973736,0.0006900000153109,0.0006900000153109,24773
ReddCoin USD,RDD-USD,2022-04-03,0.0006900000153109,0.000700999982655,0.0006699999794363,0.0006709999870508,0.0006709999870508,17224
ReddCoin USD,RDD-USD,2022-04-04,0.0006709999870508,0.0006910000229254,0.0006530000246129,0.0006629999843426,0.0006629999843426,25104
ReddCoin USD,RDD-USD,2022-04-05,0.0006629999843426,0.0006900000153109,0.0006539999740198,0.0006779999821446,0.0006779999821446,23037
ReddCoin USD,RDD-USD,2022-04-06,0.0006779999821446,0.0006890000076964,0.0006210000137798,0.0006409999914467,0.0006409999914467,34025
ReddCoin USD,RDD-USD,2022-04-07,0.0006409999914467,0.0006610000273212,0.0006210000137798,0.0006500000017695,0.0006500000017695,24492
ReddCoin USD,RDD-USD,2022-04-08,0.0006500000017695,0.000651000009384,0.0006189999985508,0.0006290000164881,0.0006290000164881,16699
ReddCoin USD,RDD-USD,2022-04-09,0.0006290000164881,0.0006990000256337,0.0006280000088736,0.0006990000256337,0.0006990000256337,30600
ReddCoin USD,RDD-USD,2022-04-10,0.0006990000256337,0.0007110000005923,0.0006689999718219,0.0006999999750405,0.0006999999750405,33123
ReddCoin USD,RDD-USD,2022-04-11,0.0006999999750405,0.0006999999750405,0.0006399999838322,0.0006699999794363,0.0006699999794363,33783
ReddCoin USD,RDD-USD,2022-04-12,0.0006699999794363,0.0006699999794363,0.0006370000191964,0.0006559999892488,0.0006559999892488,16475
ReddCoin USD,RDD-USD,2022-04-13,0.0006559999892488,0.000666000007186,0.000609999988228,0.0006300000241026,0.0006300000241026,37033
ReddCoin USD,RDD-USD,2022-04-14,0.0006300000241026,0.0006600000197067,0.0006200000061653,0.0006399999838322,0.0006399999838322,17944
ReddCoin USD,RDD-USD,2022-04-15,0.0006399999838322,0.0006500000017695,0.000609999988228,0.0006200000061653,0.0006200000061653,16236
ReddCoin USD,RDD-USD,2022-04-16,0.0006200000061653,0.0006300000241026,0.000609999988228,0.0006200000061653,0.0006200000061653,21349
ReddCoin USD,RDD-USD,2022-04-17,0.0006200000061653,0.0006399999838322,0.0006200000061653,0.0006399999838322,0.0006399999838322,17607
ReddCoin USD,RDD-USD,2022-04-18,0.0006399999838322,0.0006600000197067,0.0006000000284984,0.0006089999806135,0.0006089999806135,13918
ReddCoin USD,RDD-USD,2022-04-19,0.0006089999806135,0.0006419999990612,0.0005849999724887,0.0006419999990612,0.0006419999990612,25178
ReddCoin USD,RDD-USD,2022-04-20,0.0006319999811239,0.0008970000199042,0.0006150000263005,0.0008640000014565,0.0008640000014565,17867
ReddCoin USD,RDD-USD,2022-04-21,0.0008640000014565,0.0009599999757483,0.0006029999931342,0.0006530000246129,0.0006530000246129,24735
ReddCoin USD,RDD-USD,2022-04-22,0.0006530000246129,0.0006629999843426,0.0006210000137798,0.0006220000213943,0.0006220000213943,17931
ReddCoin USD,RDD-USD,2022-04-23,0.0006220000213943,0.0006500000017695,0.0006089999806135,0.0006179999909363,0.0006179999909363,16804
ReddCoin USD,RDD-USD,2022-04-24,0.0006179999909363,0.0006280000088736,0.0005849999724887,0.0006000000284984,0.0006000000284984,25061
ReddCoin USD,RDD-USD,2022-04-25,0.0006000000284984,0.000609999988228,0.0005789999850094,0.0005990000208839,0.0005990000208839,17504
ReddCoin USD,RDD-USD,2022-04-26,0.0005990000208839,0.0006109999958425,0.0005709999823011,0.0005789999850094,0.0005789999850094,25612
ReddCoin USD,RDD-USD,2022-04-27,0.0005789999850094,0.0005890000029467,0.0005590000073425,0.0005690000252798,0.0005690000252798,22359
ReddCoin USD,RDD-USD,2022-04-28,0.0005690000252798,0.0005699999746866,0.0005399999790824,0.000560000014957,0.000560000014957,19136
ReddCoin USD,RDD-USD,2022-04-29,0.000560000014957,0.000560000014957,0.0005300000193528,0.0005499999970197,0.0005499999970197,19196
ReddCoin USD,RDD-USD,2022-04-30,0.0005499999970197,0.0005629999795928,0.0005399999790824,0.0005419999943114,0.0005419999943114,20493
ReddCoin USD,RDD-USD,2022-05-01,0.0005419999943114,0.0005520000122487,0.0005210000090301,0.0005419999943114,0.0005419999943114,23359
ReddCoin USD,RDD-USD,2022-05-02,0.0005419999943114,0.0005430000019259,0.0005200000014156,0.0005200000014156,0.0005200000014156,14374
ReddCoin USD,RDD-USD,2022-05-03,0.0005200000014156,0.0005300000193528,0.0004600000102072,0.0005000000237487,0.0005000000237487,28496
ReddCoin USD,RDD-USD,2022-05-04,0.0005000000237487,0.0005300000193528,0.0004900000058114,0.0005200000014156,0.0005200000014156,16111
ReddCoin USD,RDD-USD,2022-05-05,0.0005200000014156,0.0005200000014156,0.0004699999990407,0.0005099999834783,0.0005099999834783,23308
ReddCoin USD,RDD-USD,2022-05-06,0.0005099999834783,0.0005099999834783,0.00044999999227,0.0004600000102072,0.0004600000102072,17809
ReddCoin USD,RDD-USD,2022-05-07,0.0004600000102072,0.0004900000058114,0.0004600000102072,0.0004799999878741,0.0004799999878741,15349
ReddCoin USD,RDD-USD,2022-05-08,0.0004799999878741,0.0004900000058114,0.00044999999227,0.0004600000102072,0.0004600000102072,13213
ReddCoin USD,RDD-USD,2022-05-09,0.0004600000102072,0.0004699999990407,0.0004100000078324,0.0004299999854993,0.0004299999854993,18647
ReddCoin USD,RDD-USD,2022-05-10,0.0004299999854993,0.0004699999990407,0.0003900000010617,0.0004400000034365,0.0004400000034365,46524
ReddCoin USD,RDD-USD,2022-05-11,0.0004400000034365,0.0006399999838322,0.0003389999910723,0.000358999997843,0.000358999997843,97596
ReddCoin USD,RDD-USD,2022-05-12,0.000358999997843,0.0003819999983534,0.0003079999878536,0.0003089999954681,0.0003089999954681,77125
ReddCoin USD,RDD-USD,2022-05-13,0.0003089999954681,0.0004590000025928,0.0003089999954681,0.0004189999890513,0.0004189999890513,51897
ReddCoin USD,RDD-USD,2022-05-14,0.0004189999890513,0.000438999995822,0.0003089999954681,0.0003689999866764,0.0003689999866764,44686
ReddCoin USD,RDD-USD,2022-05-15,0.0003689999866764,0.0003990000113844,0.0003389999910723,0.0003499999875202,0.0003499999875202,22470
ReddCoin USD,RDD-USD,2022-05-16,0.0003499999875202,0.0004100000078324,0.0003499999875202,0.0004100000078324,0.0004100000078324,11765
ReddCoin USD,RDD-USD,2022-05-17,0.0004100000078324,0.0004199999966658,0.0003900000010617,0.0003990000113844,0.0003990000113844,15612
ReddCoin USD,RDD-USD,2022-05-18,0.0003990000113844,0.0004189999890513,0.0003600000054575,0.0003710000019054,0.0003710000019054,18678
ReddCoin USD,RDD-USD,2022-05-19,0.0003710000019054,0.0004009999975096,0.0003600000054575,0.0003800000122282,0.0003800000122282,12196
ReddCoin USD,RDD-USD,2022-05-20,0.0003800000122282,0.0003900000010617,0.0003000000142492,0.0003300000098533,0.0003300000098533,37886
ReddCoin USD,RDD-USD,2022-05-21,0.0003300000098533,0.0003399999986868,0.0003100000030826,0.0003100000030826,0.0003100000030826,9309
ReddCoin USD,RDD-USD,2022-05-22,0.0003100000030826,0.0003600000054575,0.0003000000142492,0.0003399999986868,0.0003399999986868,14521
ReddCoin USD,RDD-USD,2022-05-23,0.0003399999986868,0.0003600000054575,0.0003100000030826,0.0003399999986868,0.0003399999986868,15624
ReddCoin USD,RDD-USD,2022-05-24,0.0003399999986868,0.0003499999875202,0.0003199999919161,0.0003399999986868,0.0003399999986868,12300
ReddCoin USD,RDD-USD,2022-05-25,0.0003399999986868,0.0003600000054575,0.0003199999919161,0.0003499999875202,0.0003499999875202,20804
ReddCoin USD,RDD-USD,2022-05-26,0.0003499999875202,0.0003600000054575,0.0002899999963119,0.0003199999919161,0.0003199999919161,27295
ReddCoin USD,RDD-USD,2022-05-27,0.0003199999919161,0.0003300000098533,0.0003100000030826,0.0003199999919161,0.0003199999919161,9017
ReddCoin USD,RDD-USD,2022-05-28,0.0003300000098533,0.0003699999942909,0.0003199999919161,0.0003499999875202,0.0003499999875202,23796
ReddCoin USD,RDD-USD,2022-05-29,0.0003499999875202,0.0003800000122282,0.0003399999986868,0.0003800000122282,0.0003800000122282,12772
ReddCoin USD,RDD-USD,2022-05-30,0.0003800000122282,0.0004400000034365,0.0003699999942909,0.0004199999966658,0.0004199999966658,19400
ReddCoin USD,RDD-USD,2022-05-31,0.0004199999966658,0.0006000000284984,0.0004100000078324,0.0005499999970197,0.0005499999970197,96368
ReddCoin USD,RDD-USD,2022-06-01,0.0005499999970197,0.0005799999926239,0.0003800000122282,0.0004100000078324,0.0004100000078324,51401
ReddCoin USD,RDD-USD,2022-06-02,0.0004100000078324,0.0005200000014156,0.0003900000010617,0.0004590000025928,0.0004590000025928,123
ReddCoin USD,RDD-USD,2022-06-03,0.0004590000025928,0.0004600000102072,0.0004590000025928,0.0004600000102072,0.0004600000102072,18
ReddCoin USD,RDD-USD,2022-06-04,0.0004600000102072,0.0005990000208839,0.0004590000025928,0.0005970000056549,0.0005970000056549,8
ReddCoin USD,RDD-USD,2022-06-05,0.0005970000056549,0.0005970000056549,0.000296000012895,0.0002990000066347,0.0002990000066347,54
ReddCoin USD,RDD-USD,2022-06-06,0.0002990000066347,0.0003169999981764,0.0002990000066347,0.0003140000044368,0.0003140000044368,31
ReddCoin USD,RDD-USD,2022-06-07,0.0003140000044368,0.0006290000164881,0.0002929999900516,0.0006230000290088,0.0006230000290088,335
ReddCoin USD,RDD-USD,2022-06-08,0.0006230000290088,0.0006249999860301,0.0002990000066347,0.0003020000003743,0.0003020000003743,324
ReddCoin USD,RDD-USD,2022-06-09,0.0003020000003743,0.0003060000017285,0.0003000000142492,0.0003009999927598,0.0003009999927598,1
ReddCoin USD,RDD-USD,2022-06-10,0.0003009999927598,0.0004509999998845,0.0002969999914057,0.0004199999966658,0.0004199999966658,11876
ReddCoin USD,RDD-USD,2022-06-11,0.0004299999854993,0.0007520000217482,0.0002830000012181,0.0004100000078324,0.0004100000078324,8347
ReddCoin USD,RDD-USD,2022-06-12,0.0003999999898951,0.000438999995822,0.000268000003416,0.0003900000010617,0.0003900000010617,20528
ReddCoin USD,RDD-USD,2022-06-13,0.0003889999934472,0.0007329999934881,0.0002460000105202,0.0005980000132694,0.0005980000132694,23717
ReddCoin USD,RDD-USD,2022-06-14,0.0005980000132694,0.0006840000278316,0.0003509999951347,0.0005530000198632,0.0005530000198632,12746
ReddCoin USD,RDD-USD,2022-06-15,0.0005530000198632,0.0005540000274777,0.0002039999963017,0.0003490000090096,0.0003490000090096,25962
ReddCoin USD,RDD-USD,2022-06-16,0.0003490000090096,0.0003800000122282,0.0002090000052703,0.0003600000054575,0.0003600000054575,7633
ReddCoin USD,RDD-USD,2022-06-17,0.0003560000041034,0.0004140000091865,0.0003370000049471,0.0004090000002179,0.0004090000002179,6883
ReddCoin USD,RDD-USD,2022-06-18,0.0004090000002179,0.0004149999876972,0.0003300000098533,0.0003800000122282,0.0003800000122282,14194
ReddCoin USD,RDD-USD,2022-06-19,0.0003800000122282,0.0003879999858327,0.0001829999964684,0.0003560000041034,0.0003560000041034,13170
ReddCoin USD,RDD-USD,2022-06-20,0.0003560000041034,0.000384999992093,0.0001970000012079,0.0002059999969787,0.0002059999969787,8673
ReddCoin USD,RDD-USD,2022-06-21,0.0002059999969787,0.0004250000056345,0.0002039999963017,0.0004140000091865,0.0004140000091865,11774
ReddCoin USD,RDD-USD,2022-06-22,0.0003710000019054,0.0004170000029262,0.0003520000027492,0.0003999999898951,0.0003999999898951,5763
ReddCoin USD,RDD-USD,2022-06-23,0.0003999999898951,0.0004229999904055,0.0003410000063013,0.0003509999951347,0.0003509999951347,12385
ReddCoin USD,RDD-USD,2022-06-24,0.0003509999951347,0.0004269999917596,0.0003509999951347,0.0003689999866764,0.0003689999866764,11010
ReddCoin USD,RDD-USD,2022-06-25,0.0003689999866764,0.0004299999854993,0.0003600000054575,0.0003600000054575,0.0003600000054575,6619
ReddCoin USD,RDD-USD,2022-06-26,0.0003950000100303,0.0004290000069886,0.000213999999687,0.0004210000042803,0.0004210000042803,15075
ReddCoin USD,RDD-USD,2022-06-27,0.0004210000042803,0.0004299999854993,0.0003800000122282,0.0004149999876972,0.0004149999876972,18198
ReddCoin USD,RDD-USD,2022-06-28,0.0004149999876972,0.0004229999904055,0.0003600000054575,0.0003699999942909,0.0003699999942909,9444
ReddCoin USD,RDD-USD,2022-06-29,0.0004060000064782,0.0004070000140927,0.0003399999986868,0.0003499999875202,0.0003499999875202,13047
ReddCoin USD,RDD-USD,2022-06-30,0.0003499999875202,0.0004030000127386,0.0001869999978225,0.0003300000098533,0.0003300000098533,29043
ReddCoin USD,RDD-USD,2022-07-01,0.0003300000098533,0.0003999999898951,0.0001909999991767,0.0003689999866764,0.0003689999866764,17435
ReddCoin USD,RDD-USD,2022-07-02,0.0003689999866764,0.000384999992093,0.0001900000061141,0.0001920000067912,0.0001920000067912,9750
ReddCoin USD,RDD-USD,2022-07-03,0.0001920000067912,0.0004119999939575,0.0001900000061141,0.0004079999926034,0.0004079999926034,2453
ReddCoin USD,RDD-USD,2022-07-04,0.0003600000054575,0.00042399999802,0.0001999999949475,0.0004070000140927,0.0004070000140927,5397
ReddCoin USD,RDD-USD,2022-07-05,0.0003600000054575,0.0004199999966658,0.0003399999986868,0.000410999986343,0.000410999986343,5717
ReddCoin USD,RDD-USD,2022-07-06,0.0003399999986868,0.0004140000091865,0.0002030000032391,0.0002050000039162,0.0002050000039162,5657
ReddCoin USD,RDD-USD,2022-07-07,0.0002050000039162,0.0006559999892488,0.0002030000032391,0.0006530000246129,0.0006530000246129,8086
ReddCoin USD,RDD-USD,2022-07-08,0.0006530000246129,0.0006689999718219,0.0002180000010412,0.0003800000122282,0.0003800000122282,4883
ReddCoin USD,RDD-USD,2022-07-09,0.0002169999934267,0.0004339999868534,0.0002149999927496,0.000361000013072,0.000361000013072,5712
ReddCoin USD,RDD-USD,2022-07-10,0.000361000013072,0.0004320000007282,0.0003600000054575,0.0003600000054575,0.0003600000054575,5988
ReddCoin USD,RDD-USD,2022-07-11,0.0003600000054575,0.0004170000029262,0.0001990000018849,0.000358999997843,0.000358999997843,2331
ReddCoin USD,RDD-USD,2022-07-12,0.0001999999949475,0.000358999997843,0.0001929999998537,0.0003300000098533,0.0003300000098533,10858
ReddCoin USD,RDD-USD,2022-07-13,0.0003300000098533,0.0006070000235922,0.0001929999998537,0.0003399999986868,0.0003399999986868,4083
ReddCoin USD,RDD-USD,2022-07-14,0.0006060000159777,0.0006109999958425,0.0003199999919161,0.0003399999986868,0.0003399999986868,5731
ReddCoin USD,RDD-USD,2022-07-15,0.0003399999986868,0.0003399999986868,0.0002079999976558,0.0003300000098533,0.0003300000098533,4128
ReddCoin USD,RDD-USD,2022-07-16,0.0002079999976558,0.0004210000042803,0.0002079999976558,0.00021199999901,0.00021199999901,6267
ReddCoin USD,RDD-USD,2022-07-17,0.00021199999901,0.0004210000042803,0.0002090000052703,0.0004159999953117,0.0004159999953117,4920
ReddCoin USD,RDD-USD,2022-07-18,0.0004159999953117,0.000452000007499,0.0003399999986868,0.00044999999227,0.00044999999227,7478
ReddCoin USD,RDD-USD,2022-07-19,0.0004490000137593,0.0004729999927803,0.0003420000139158,0.0004680000129155,0.0004680000129155,11236
ReddCoin USD,RDD-USD,2022-07-20,0.0004680000129155,0.0004839999892283,0.0003399999986868,0.0004649999900721,0.0004649999900721,9596
ReddCoin USD,RDD-USD,2022-07-21,0.0003399999986868,0.0004680000129155,0.0002240000030724,0.0004630000039469,0.0004630000039469,5398
ReddCoin USD,RDD-USD,2022-07-22,0.0004630000039469,0.0004790000093635,0.0002289999974891,0.0002349999995203,0.0002349999995203,9117
ReddCoin USD,RDD-USD,2022-07-23,0.0003290000022388,0.0004590000025928,0.0002220000023953,0.0003199999919161,0.0003199999919161,9142
ReddCoin USD,RDD-USD,2022-07-24,0.0004579999949783,0.0004609999887179,0.0003199999919161,0.0003429999924264,0.0003429999924264,11357
ReddCoin USD,RDD-USD,2022-07-25,0.000452000007499,0.0004529999860096,0.0003429999924264,0.0004269999917596,0.0004269999917596,8456
ReddCoin USD,RDD-USD,2022-07-26,0.0003429999924264,0.0004269999917596,0.0003199999919161,0.0003199999919161,0.0003199999919161,6896
ReddCoin USD,RDD-USD,2022-07-27,0.0004250000056345,0.0004619999963324,0.0003100000030826,0.0004619999963324,0.0004619999963324,9711
ReddCoin USD,RDD-USD,2022-07-28,0.0004619999963324,0.0004930000286549,0.0003100000030826,0.0004870000120718,0.0004870000120718,15941
ReddCoin USD,RDD-USD,2022-07-29,0.0004870000120718,0.0004879999905824,0.000239999993937,0.0002410000015515,0.0002410000015515,16326
ReddCoin USD,RDD-USD,2022-07-30,0.000358999997843,0.0004930000286549,0.000239999993937,0.0004729999927803,0.0004729999927803,11821
ReddCoin USD,RDD-USD,2022-07-31,0.0003509999951347,0.0004820000031031,0.0003399999986868,0.000467000005301,0.000467000005301,9271
ReddCoin USD,RDD-USD,2022-08-01,0.000467000005301,0.000538999971468,0.0003199999919161,0.0003300000098533,0.0003300000098533,20460
ReddCoin USD,RDD-USD,2022-08-02,0.0003300000098533,0.0004699999990407,0.0002300000051036,0.0004600000102072,0.0004600000102072,11829
ReddCoin USD,RDD-USD,2022-08-03,0.0004600000102072,0.0004720000142697,0.0003410000063013,0.0003410000063013,0.0003410000063013,12554
ReddCoin USD,RDD-USD,2022-08-04,0.0003410000063013,0.0006760000251233,0.0003399999986868,0.0006740000098943,0.0006740000098943,4240
ReddCoin USD,RDD-USD,2022-08-05,0.0006740000098943,0.0006960000027902,0.0003399999986868,0.0003499999875202,0.0003499999875202,10434
ReddCoin USD,RDD-USD,2022-08-06,0.0004659999976865,0.0005849999724887,0.0002300000051036,0.0003340000112075,0.0003340000112075,5780
ReddCoin USD,RDD-USD,2022-08-07,0.0002300000051036,0.000467000005301,0.0002289999974891,0.0003539999888744,0.0003539999888744,12477
ReddCoin USD,RDD-USD,2022-08-08,0.0003539999888744,0.0004839999892283,0.0003399999986868,0.0003399999986868,0.0003399999986868,8173
ReddCoin USD,RDD-USD,2022-08-09,0.0003399999986868,0.000478000001749,0.0002320000057807,0.0003499999875202,0.0003499999875202,6040
ReddCoin USD,RDD-USD,2022-08-10,0.0002320000057807,0.0007159999804571,0.0002280000044265,0.0007159999804571,0.0007159999804571,8382
ReddCoin USD,RDD-USD,2022-08-11,0.0007159999804571,0.0007190000033006,0.0003459999861661,0.0004860000044573,0.0004860000044573,10633
ReddCoin USD,RDD-USD,2022-08-12,0.0004860000044573,0.0004900000058114,0.000239999993937,0.0004900000058114,0.0004900000058114,7790
ReddCoin USD,RDD-USD,2022-08-13,0.0004900000058114,0.00050199998077,0.0002439999952912,0.0004980000085197,0.0004980000085197,3433
ReddCoin USD,RDD-USD,2022-08-14,0.0004990000161342,0.0004990000161342,0.0002419999946141,0.0002430000022286,0.0002430000022286,6641
ReddCoin USD,RDD-USD,2022-08-15,0.0002430000022286,0.0004830000107176,0.000239999993937,0.0004830000107176,0.0004830000107176,7906
ReddCoin USD,RDD-USD,2022-08-16,0.0004830000107176,0.0004849999968428,0.000330999988364,0.0004799999878741,0.0004799999878741,9597
ReddCoin USD,RDD-USD,2022-08-17,0.0004799999878741,0.0004910000134259,0.0003199999919161,0.0003209999995306,0.0003209999995306,8410
ReddCoin USD,RDD-USD,2022-08-18,0.000467000005301,0.0004710000066552,0.0002320000057807,0.0002320000057807,0.0002320000057807,4223
ReddCoin USD,RDD-USD,2022-08-19,0.0002320000057807,0.0003269999870099,0.0002090000052703,0.0002439999952912,0.0002439999952912,7655
ReddCoin USD,RDD-USD,2022-08-20,0.0003110000106971,0.0003220000071451,0.0002110000059474,0.00021199999901,0.00021199999901,6352
ReddCoin USD,RDD-USD,2022-08-21,0.00021199999901,0.0003190000134054,0.0002110000059474,0.0003159999905619,0.0003159999905619,2205
ReddCoin USD,RDD-USD,2022-08-22,0.0003159999905619,0.0004299999854993,0.0002149999927496,0.0003180000057909,0.0003180000057909,3749
ReddCoin USD,RDD-USD,2022-08-23,0.0003180000057909,0.0004330000083427,0.0003140000044368,0.0004309999931138,0.0004309999931138,5072
ReddCoin USD,RDD-USD,2022-08-24,0.0004309999931138,0.0004360000020824,0.000213999999687,0.0003199999919161,0.0003199999919161,3549
ReddCoin USD,RDD-USD,2022-08-25,0.000213999999687,0.0003290000022388,0.000213999999687,0.0002160000003641,0.0002160000003641,9774
ReddCoin USD,RDD-USD,2022-08-26,0.0003229999856557,0.0003290000022388,0.0002019999956246,0.0002030000032391,0.0002030000032391,4845
ReddCoin USD,RDD-USD,2022-08-27,0.0002030000032391,0.0006019999855197,0.0001999999949475,0.0001999999949475,0.0001999999949475,6942
ReddCoin USD,RDD-USD,2022-08-28,0.0002739999908953,0.0003190000134054,0.0001959999935934,0.0003129999968223,0.0003129999968223,4771
ReddCoin USD,RDD-USD,2022-08-29,0.0003129999968223,0.0003199999919161,0.0001959999935934,0.0003169999981764,0.0003169999981764,3286
ReddCoin USD,RDD-USD,2022-08-30,0.0003150000120513,0.0003169999981764,0.0001959999935934,0.0001979999942705,0.0001979999942705,10359
ReddCoin USD,RDD-USD,2022-08-31,0.0001979999942705,0.0004079999926034,0.0001979999942705,0.0003100000030826,0.0003100000030826,8877
ReddCoin USD,RDD-USD,2022-09-01,0.0003100000030826,0.0004030000127386,0.0001970000012079,0.0004030000127386,0.0004030000127386,9502
ReddCoin USD,RDD-USD,2022-09-02,0.0004030000127386,0.0004079999926034,0.0001979999942705,0.0001999999949475,0.0001999999949475,9933
ReddCoin USD,RDD-USD,2022-09-03,0.0003079999878536,0.0003279999946244,0.0001970000012079,0.0003279999946244,0.0003279999946244,10068
ReddCoin USD,RDD-USD,2022-09-04,0.0001979999942705,0.0005089999758638,0.0001959999935934,0.0004009999975096,0.0004009999975096,161312
ReddCoin USD,RDD-USD,2022-09-05,0.0004009999975096,0.0004279999993741,0.0001970000012079,0.000395999988541,0.000395999988541,35407
ReddCoin USD,RDD-USD,2022-09-06,0.000395999988541,0.0004030000127386,0.000188000005437,0.000188000005437,0.000188000005437,26516
ReddCoin USD,RDD-USD,2022-09-07,0.000188000005437,0.0004879999905824,0.0001869999978225,0.0003790000046137,0.0003790000046137,39560
ReddCoin USD,RDD-USD,2022-09-08,0.0003790000046137,0.000410999986343,0.0003600000054575,0.000387000007322,0.000387000007322,27248
ReddCoin USD,RDD-USD,2022-09-09,0.000387000007322,0.0004339999868534,0.0003450000076554,0.000358999997843,0.000358999997843,37964
ReddCoin USD,RDD-USD,2022-09-10,0.000358999997843,0.0004320000007282,0.0002349999995203,0.000361000013072,0.000361000013072,13375
ReddCoin USD,RDD-USD,2022-09-11,0.00023799999326,0.0003859999997075,0.000213999999687,0.0003579999902285,0.0003579999902285,11223
ReddCoin USD,RDD-USD,2022-09-12,0.000361000013072,0.0004490000137593,0.0002169999934267,0.0003769999893847,0.0003769999893847,22292
ReddCoin USD,RDD-USD,2022-09-13,0.0003769999893847,0.0004529999860096,0.0003629999991971,0.0004060000064782,0.0004060000064782,8562
ReddCoin USD,RDD-USD,2022-09-14,0.0004039999912492,0.0005000000237487,0.0003659999929368,0.000384999992093,0.000384999992093,40144
ReddCoin USD,RDD-USD,2022-09-15,0.0004049999988637,0.0004100000078324,0.0001959999935934,0.0003699999942909,0.0003699999942909,15863
ReddCoin USD,RDD-USD,2022-09-16,0.0002669999958015,0.0003910000086762,0.0001970000012079,0.0001979999942705,0.0001979999942705,11377
ReddCoin USD,RDD-USD,2022-09-17,0.0001979999942705,0.0004560000088531,0.0001979999942705,0.0004119999939575,0.0004119999939575,8964
ReddCoin USD,RDD-USD,2022-09-18,0.0004119999939575,0.0004320000007282,0.0003720000095199,0.0003969999961555,0.0003969999961555,7813
ReddCoin USD,RDD-USD,2022-09-19,0.0004140000091865,0.00042399999802,0.0003490000090096,0.0003910000086762,0.0003910000086762,27477
ReddCoin USD,RDD-USD,2022-09-20,0.0003530000103637,0.0004170000029262,0.0003440000000409,0.0003520000027492,0.0003520000027492,11002
ReddCoin USD,RDD-USD,2022-09-21,0.0003980000037699,0.0004269999917596,0.0001900000061141,0.0003879999858327,0.0003879999858327,4468
ReddCoin USD,RDD-USD,2022-09-22,0.0003879999858327,0.0003929999948013,0.0001869999978225,0.0003239999932702,0.0003239999932702,22092
ReddCoin USD,RDD-USD,2022-09-23,0.0003239999932702,0.0003879999858327,0.0001860000047599,0.0003560000041034,0.0003560000041034,28932
ReddCoin USD,RDD-USD,2022-09-24,0.0003560000041034,0.0003699999942909,0.0001889999984996,0.0003440000000409,0.0003440000000409,7441
ReddCoin USD,RDD-USD,2022-09-25,0.0003440000000409,0.0003830000059679,0.0001889999984996,0.0003429999924264,0.0003429999924264,6330
ReddCoin USD,RDD-USD,2022-09-26,0.0003429999924264,0.000384999992093,0.0003199999919161,0.0003840000135824,0.0003840000135824,8053
ReddCoin USD,RDD-USD,2022-09-27,0.0003250000008847,0.0004070000140927,0.0003110000106971,0.0003819999983534,0.0003819999983534,22298
ReddCoin USD,RDD-USD,2022-09-28,0.0003819999983534,0.0003940000024158,0.0003169999981764,0.0003370000049471,0.0003370000049471,6402
ReddCoin USD,RDD-USD,2022-09-29,0.0003889999934472,0.0003910000086762,0.0001889999984996,0.0003319999959785,0.0003319999959785,5102
ReddCoin USD,RDD-USD,2022-09-30,0.0003319999959785,0.000395999988541,0.0001929999998537,0.0003300000098533,0.0003300000098533,4611
ReddCoin USD,RDD-USD,2022-10-01,0.0001939999929163,0.0003349999897181,0.0001920000067912,0.000330999988364,0.000330999988364,2760
ReddCoin USD,RDD-USD,2022-10-02,0.000330999988364,0.0003370000049471,0.0001900000061141,0.0003279999946244,0.0003279999946244,6292
ReddCoin USD,RDD-USD,2022-10-03,0.0003279999946244,0.0003349999897181,0.0001900000061141,0.000330999988364,0.000330999988364,4646
ReddCoin USD,RDD-USD,2022-10-04,0.000330999988364,0.0004070000140927,0.0001950000005308,0.0003290000022388,0.0003290000022388,6600
ReddCoin USD,RDD-USD,2022-10-05,0.0004070000140927,0.0004070000140927,0.0003199999919161,0.0004030000127386,0.0004030000127386,5599
ReddCoin USD,RDD-USD,2022-10-06,0.0004030000127386,0.0004079999926034,0.0003199999919161,0.0003539999888744,0.0003539999888744,21305
ReddCoin USD,RDD-USD,2022-10-07,0.0003579999902285,0.0003969999961555,0.0001939999929163,0.0001950000005308,0.0001950000005308,19007
ReddCoin USD,RDD-USD,2022-10-08,0.0001950000005308,0.0003619999915827,0.0001929999998537,0.0001939999929163,0.0001939999929163,3907
ReddCoin USD,RDD-USD,2022-10-09,0.0003399999986868,0.0003910000086762,0.0001929999998537,0.0003889999934472,0.0003889999934472,3035
ReddCoin USD,RDD-USD,2022-10-10,0.0003469999937806,0.0003900000010617,0.0003389999910723,0.0003830000059679,0.0003830000059679,7210
ReddCoin USD,RDD-USD,2022-10-11,0.0003830000059679,0.000384999992093,0.0003420000139158,0.0003490000090096,0.0003490000090096,4541
ReddCoin USD,RDD-USD,2022-10-12,0.0003499999875202,0.0003650000144261,0.0001900000061141,0.0003480000013951,0.0003480000013951,4991
ReddCoin USD,RDD-USD,2022-10-13,0.0003480000013951,0.0003840000135824,0.0001920000067912,0.0003410000063013,0.0003410000063013,2800
ReddCoin USD,RDD-USD,2022-10-14,0.0003410000063013,0.000387000007322,0.0001929999998537,0.0003840000135824,0.0003840000135824,8921
ReddCoin USD,RDD-USD,2022-10-15,0.0003840000135824,0.0003840000135824,0.0003429999924264,0.0003579999902285,0.0003579999902285,6321
ReddCoin USD,RDD-USD,2022-10-16,0.0003579999902285,0.0003879999858327,0.0003469999937806,0.0003499999875202,0.0003499999875202,2686
ReddCoin USD,RDD-USD,2022-10-17,0.000384999992093,0.0003929999948013,0.0001950000005308,0.0003440000000409,0.0003440000000409,3502
ReddCoin USD,RDD-USD,2022-10-18,0.0003440000000409,0.0003929999948013,0.0003410000063013,0.0003440000000409,0.0003440000000409,6043
ReddCoin USD,RDD-USD,2022-10-19,0.000387000007322,0.000387000007322,0.0001909999991767,0.0001909999991767,0.0001909999991767,3385
ReddCoin USD,RDD-USD,2022-10-20,0.0003410000063013,0.0003490000090096,0.0001900000061141,0.0001909999991767,0.0001909999991767,4988
ReddCoin USD,RDD-USD,2022-10-21,0.0001909999991767,0.000361000013072,0.000188000005437,0.0003459999861661,0.0003459999861661,8695
ReddCoin USD,RDD-USD,2022-10-22,0.0003459999861661,0.000384999992093,0.0003440000000409,0.0003450000076554,0.0003450000076554,1919
ReddCoin USD,RDD-USD,2022-10-23,0.0003840000135824,0.0003840000135824,0.0001909999991767,0.0003499999875202,0.0003499999875202,1683
ReddCoin USD,RDD-USD,2022-10-24,0.0001959999935934,0.0003889999934472,0.0001920000067912,0.0001929999998537,0.0001929999998537,6894
ReddCoin USD,RDD-USD,2022-10-25,0.0001929999998537,0.0004070000140927,0.0001929999998537,0.0003950000100303,0.0003950000100303,7643
ReddCoin USD,RDD-USD,2022-10-26,0.0003779999969992,0.0004159999953117,0.0003600000054575,0.0003739999956451,0.0003739999956451,5749
ReddCoin USD,RDD-USD,2022-10-27,0.0003739999956451,0.0004090000002179,0.0002030000032391,0.0002349999995203,0.0002349999995203,5039
ReddCoin USD,RDD-USD,2022-10-28,0.0002030000032391,0.0003570000117179,0.000201000002562,0.0002059999969787,0.0002059999969787,3747
ReddCoin USD,RDD-USD,2022-10-29,0.0003499999875202,0.0003680000081658,0.0002059999969787,0.0003680000081658,0.0003680000081658,8086
ReddCoin USD,RDD-USD,2022-10-30,0.0003680000081658,0.0003680000081658,0.0002070000045932,0.000358999997843,0.000358999997843,4244
ReddCoin USD,RDD-USD,2022-10-31,0.0003619999915827,0.0004140000091865,0.0003480000013951,0.0003819999983534,0.0003819999983534,5794
ReddCoin USD,RDD-USD,2022-11-01,0.0004100000078324,0.000413000001572,0.0003659999929368,0.0003750000032596,0.0003750000032596,11942
ReddCoin USD,RDD-USD,2022-11-02,0.0004009999975096,0.0004149999876972,0.0003459999861661,0.0004030000127386,0.0004030000127386,4042
ReddCoin USD,RDD-USD,2022-11-03,0.0004030000127386,0.0004079999926034,0.0003680000081658,0.0004039999912492,0.0004039999912492,8505
ReddCoin USD,RDD-USD,2022-11-04,0.0004039999912492,0.000413000001572,0.0002050000039162,0.0002110000059474,0.0002110000059474,14404
ReddCoin USD,RDD-USD,2022-11-05,0.0002110000059474,0.0004269999917596,0.0002110000059474,0.0004260000132489,0.0004260000132489,4500
ReddCoin USD,RDD-USD,2022-11-06,0.0004260000132489,0.0004269999917596,0.0003340000112075,0.0003720000095199,0.0003720000095199,7724
ReddCoin USD,RDD-USD,2022-11-07,0.0004180000105407,0.0004210000042803,0.0003699999942909,0.0003729999880306,0.0003729999880306,6891
ReddCoin USD,RDD-USD,2022-11-08,0.0003729999880306,0.0004379999882075,0.0002439999952912,0.0002809999859891,0.0002809999859891,28034
ReddCoin USD,RDD-USD,2022-11-09,0.0002640000020619,0.0002979999990202,0.0001849999971454,0.0002200000017182,0.0002200000017182,19866
ReddCoin USD,RDD-USD,2022-11-10,0.0001869999978225,0.000361000013072,0.0001630000042496,0.0002340000064577,0.0002340000064577,12374
ReddCoin USD,RDD-USD,2022-11-11,0.0002540000132285,0.0003499999875202,0.0001659999979892,0.0003410000063013,0.0003410000063013,6262
ReddCoin USD,RDD-USD,2022-11-12,0.0003190000134054,0.0004100000078324,0.0003089999954681,0.0003779999969992,0.0003779999969992,16144
ReddCoin USD,RDD-USD,2022-11-13,0.0003779999969992,0.0003809999907389,0.0002110000059474,0.0003239999932702,0.0003239999932702,12930
ReddCoin USD,RDD-USD,2022-11-14,0.0003199999919161,0.0003389999910723,0.0003089999954681,0.0003319999959785,0.0003319999959785,7722
ReddCoin USD,RDD-USD,2022-11-15,0.0003199999919161,0.0003410000063013,0.0003180000057909,0.0003239999932702,0.0003239999932702,6109
ReddCoin USD,RDD-USD,2022-11-16,0.0003380000125616,0.0003389999910723,0.0003169999981764,0.0003220000071451,0.0003220000071451,4897
ReddCoin USD,RDD-USD,2022-11-17,0.000333000003593,0.0003340000112075,0.0001670000056037,0.0001670000056037,0.0001670000056037,6296
ReddCoin USD,RDD-USD,2022-11-18,0.0001670000056037,0.0003389999910723,0.0001659999979892,0.0001670000056037,0.0001670000056037,4269
ReddCoin USD,RDD-USD,2022-11-19,0.0003290000022388,0.0003359999973326,0.0001659999979892,0.0003340000112075,0.0003340000112075,3257
ReddCoin USD,RDD-USD,2022-11-20,0.0003340000112075,0.0003429999924264,0.0001650000049266,0.000330999988364,0.000330999988364,10210
ReddCoin USD,RDD-USD,2022-11-21,0.0003129999968223,0.000330999988364,0.0002920000115409,0.0003100000030826,0.0003100000030826,6850
ReddCoin USD,RDD-USD,2022-11-22,0.0003100000030826,0.0003180000057909,0.0001570000022184,0.0003000000142492,0.0003000000142492,10215
ReddCoin USD,RDD-USD,2022-11-23,0.0001619999966351,0.0003199999919161,0.0001619999966351,0.0003190000134054,0.0003190000134054,4798
ReddCoin USD,RDD-USD,2022-11-24,0.0002979999990202,0.0003250000008847,0.0001659999979892,0.0002899999963119,0.0002899999963119,4899
ReddCoin USD,RDD-USD,2022-11-25,0.0002899999963119,0.0003180000057909,0.0002840000088326,0.0003169999981764,0.0003169999981764,2401
ReddCoin USD,RDD-USD,2022-11-26,0.0003169999981764,0.0003180000057909,0.0001959999935934,0.0001979999942705,0.0001979999942705,2113
ReddCoin USD,RDD-USD,2022-11-27,0.0001979999942705,0.0003180000057909,0.0001970000012079,0.0003159999905619,0.0003159999905619,1845
ReddCoin USD,RDD-USD,2022-11-28,0.0003159999905619,0.0003169999981764,0.0003060000017285,0.0003100000030826,0.0003100000030826,7488
ReddCoin USD,RDD-USD,2022-11-29,0.0003100000030826,0.0003300000098533,0.0002920000115409,0.0002969999914057,0.0002969999914057,3285
ReddCoin USD,RDD-USD,2022-11-30,0.0002969999914057,0.0003300000098533,0.0002920000115409,0.0003290000022388,0.0003290000022388,6170
ReddCoin USD,RDD-USD,2022-12-01,0.0003290000022388,0.0003290000022388,0.0003180000057909,0.0003220000071451,0.0003220000071451,4698
ReddCoin USD,RDD-USD,2022-12-02,0.0003220000071451,0.0003239999932702,0.0003169999981764,0.0003229999856557,0.0003229999856557,4225
ReddCoin USD,RDD-USD,2022-12-03,0.0003229999856557,0.0003239999932702,0.0003150000120513,0.0003229999856557,0.0003229999856557,2062
ReddCoin USD,RDD-USD,2022-12-04,0.0003229999856557,0.0003250000008847,0.0002169999934267,0.0002229999954579,0.0002229999954579,3448
ReddCoin USD,RDD-USD,2022-12-05,0.0002229999954579,0.0003279999946244,0.0002189999941037,0.0003169999981764,0.0003169999981764,3472
ReddCoin USD,RDD-USD,2022-12-06,0.0003169999981764,0.0003220000071451,0.0003159999905619,0.0003180000057909,0.0003180000057909,1414
ReddCoin USD,RDD-USD,2022-12-07,0.0003180000057909,0.0003180000057909,0.000213999999687,0.0002160000003641,0.0002160000003641,2614
ReddCoin USD,RDD-USD,2022-12-08,0.0002160000003641,0.0002220000023953,0.0002130000066244,0.0002220000023953,0.0002220000023953,7332
ReddCoin USD,RDD-USD,2022-12-09,0.0002220000023953,0.0002289999974891,0.0002180000010412,0.0002280000044265,0.0002280000044265,6481
ReddCoin USD,RDD-USD,2022-12-10,0.0002280000044265,0.0003190000134054,0.0002200000017182,0.0003190000134054,0.0003190000134054,7635
ReddCoin USD,RDD-USD,2022-12-11,0.0003190000134054,0.0003190000134054,0.0003030000079888,0.0003129999968223,0.0003129999968223,1551
ReddCoin USD,RDD-USD,2022-12-12,0.0003129999968223,0.0003140000044368,0.0003009999927598,0.0003079999878536,0.0003079999878536,5203
ReddCoin USD,RDD-USD,2022-12-13,0.0003100000030826,0.0003100000030826,0.0002920000115409,0.0002939999976661,0.0002939999976661,5592
ReddCoin USD,RDD-USD,2022-12-14,0.0002939999976661,0.0003020000003743,0.0002859999949578,0.0002910000039264,0.0002910000039264,4651
ReddCoin USD,RDD-USD,2022-12-15,0.0002910000039264,0.0002939999976661,0.0002849999873433,0.0002849999873433,0.0002849999873433,1817
ReddCoin USD,RDD-USD,2022-12-16,0.0002849999873433,0.0002979999990202,0.0002300000051036,0.0002650000096764,0.0002650000096764,15096
ReddCoin USD,RDD-USD,2022-12-17,0.0002650000096764,0.0002859999949578,0.0002110000059474,0.0002180000010412,0.0002180000010412,9210
ReddCoin USD,RDD-USD,2022-12-18,0.0002180000010412,0.0003110000106971,0.000213999999687,0.000213999999687,0.000213999999687,3580
ReddCoin USD,RDD-USD,2022-12-19,0.000213999999687,0.0003190000134054,0.0002099999983329,0.0003110000106971,0.0003110000106971,9207
ReddCoin USD,RDD-USD,2022-12-20,0.0003110000106971,0.0003150000120513,0.0003009999927598,0.0003039999864995,0.0003039999864995,2984
ReddCoin USD,RDD-USD,2022-12-21,0.0003039999864995,0.000304999994114,0.0002500000118743,0.000253000005614,0.000253000005614,2028
ReddCoin USD,RDD-USD,2022-12-22,0.000253000005614,0.000253000005614,0.0002079999976558,0.0002099999983329,0.0002099999983329,2987
ReddCoin USD,RDD-USD,2022-12-23,0.0002099999983329,0.0003060000017285,0.0002090000052703,0.0003039999864995,0.0003039999864995,2411
ReddCoin USD,RDD-USD,2022-12-24,0.0003039999864995,0.0003079999878536,0.0003009999927598,0.000307000009343,0.000307000009343,5573
ReddCoin USD,RDD-USD,2022-12-25,0.000307000009343,0.0003079999878536,0.0002979999990202,0.0003030000079888,0.0003030000079888,1149
ReddCoin USD,RDD-USD,2022-12-26,0.0003030000079888,0.0003079999878536,0.0002990000066347,0.0003079999878536,0.0003079999878536,1378
ReddCoin USD,RDD-USD,2022-12-27,0.0003079999878536,0.0003079999878536,0.0002090000052703,0.0002990000066347,0.0002990000066347,8076
ReddCoin USD,RDD-USD,2022-12-28,0.0002990000066347,0.000304999994114,0.0002819999936036,0.0002990000066347,0.0002990000066347,3328
ReddCoin USD,RDD-USD,2022-12-29,0.0002990000066347,0.0002990000066347,0.0002460000105202,0.0002600000007078,0.0002600000007078,2595
ReddCoin USD,RDD-USD,2022-12-30,0.0002600000007078,0.0002650000096764,0.0002419999946141,0.0002549999917391,0.0002549999917391,4368
ReddCoin USD,RDD-USD,2022-12-31,0.0002549999917391,0.0002629999944474,0.0002419999946141,0.0002469999890308,0.0002469999890308,3027
ReddCoin USD,RDD-USD,2023-01-01,0.0002469999890308,0.0002559999993536,0.0002260000037495,0.0002479999966453,0.0002479999966453,5759
ReddCoin USD,RDD-USD,2023-01-02,0.0002479999966453,0.0002479999966453,0.0002220000023953,0.0002360000071348,0.0002360000071348,7160
ReddCoin USD,RDD-USD,2023-01-03,0.0002360000071348,0.0002460000105202,0.0002229999954579,0.0002430000022286,0.0002430000022286,7385
ReddCoin USD,RDD-USD,2023-01-04,0.0002430000022286,0.0002430000022286,0.0002280000044265,0.0002390000008745,0.0002390000008745,3776
ReddCoin USD,RDD-USD,2023-01-05,0.0002390000008745,0.0002479999966453,0.0002280000044265,0.0002410000015515,0.0002410000015515,4392
ReddCoin USD,RDD-USD,2023-01-06,0.0002410000015515,0.0002460000105202,0.0002349999995203,0.0002460000105202,0.0002460000105202,1348
ReddCoin USD,RDD-USD,2023-01-07,0.0002460000105202,0.0002460000105202,0.0002169999934267,0.0002390000008745,0.0002390000008745,5623
ReddCoin USD,RDD-USD,2023-01-08,0.0002390000008745,0.000239999993937,0.0002280000044265,0.0002340000064577,0.0002340000064577,2327
ReddCoin USD,RDD-USD,2023-01-09,0.0002340000064577,0.0002460000105202,0.0002300000051036,0.0002460000105202,0.0002460000105202,6911
ReddCoin USD,RDD-USD,2023-01-10,0.0002460000105202,0.0002540000132285,0.00023799999326,0.0002490000042598,0.0002490000042598,2456
ReddCoin USD,RDD-USD,2023-01-11,0.0002490000042598,0.0002699999895412,0.000239999993937,0.0002589999930933,0.0002589999930933,7965
ReddCoin USD,RDD-USD,2023-01-12,0.0002559999993536,0.0003220000071451,0.0002410000015515,0.0002579999854788,0.0002579999854788,5473
ReddCoin USD,RDD-USD,2023-01-13,0.0002579999854788,0.0002739999908953,0.0002450000029057,0.0002619999868329,0.0002619999868329,9039
ReddCoin USD,RDD-USD,2023-01-14,0.0002619999868329,0.0003039999864995,0.0002619999868329,0.0002990000066347,0.0002990000066347,7448
ReddCoin USD,RDD-USD,2023-01-15,0.0002990000066347,0.0003190000134054,0.0002910000039264,0.0003169999981764,0.0003169999981764,7809
ReddCoin USD,RDD-USD,2023-01-16,0.0003159999905619,0.0003190000134054,0.0002779999922495,0.0003039999864995,0.0003039999864995,7172
ReddCoin USD,RDD-USD,2023-01-17,0.000304999994114,0.0003129999968223,0.0002910000039264,0.0003039999864995,0.0003039999864995,5224
ReddCoin USD,RDD-USD,2023-01-18,0.0003039999864995,0.0003180000057909,0.0002929999900516,0.0003060000017285,0.0003060000017285,6842
ReddCoin USD,RDD-USD,2023-01-19,0.0003060000017285,0.0003159999905619,0.0002899999963119,0.0003079999878536,0.0003079999878536,4267
ReddCoin USD,RDD-USD,2023-01-20,0.0003079999878536,0.0003159999905619,0.0002939999976661,0.0003150000120513,0.0003150000120513,4661
ReddCoin USD,RDD-USD,2023-01-21,0.0003150000120513,0.0003250000008847,0.000296000012895,0.000304999994114,0.000304999994114,12122
ReddCoin USD,RDD-USD,2023-01-22,0.000304999994114,0.000452000007499,0.000296000012895,0.0003039999864995,0.0003039999864995,4847
ReddCoin USD,RDD-USD,2023-01-23,0.0003039999864995,0.0003450000076554,0.0003009999927598,0.0003399999986868,0.0003399999986868,8362
ReddCoin USD,RDD-USD,2023-01-24,0.0003399999986868,0.0003440000000409,0.0002739999908953,0.0003009999927598,0.0003009999927598,16479
ReddCoin USD,RDD-USD,2023-01-25,0.0003009999927598,0.0003950000100303,0.000226999996812,0.0003819999983534,0.0003819999983534,12017
ReddCoin USD,RDD-USD,2023-01-26,0.0003819999983534,0.0003929999948013,0.0002540000132285,0.0002549999917391,0.0002549999917391,9807
ReddCoin USD,RDD-USD,2023-01-27,0.0002549999917391,0.0003999999898951,0.0002479999966453,0.0003919999871868,0.0003919999871868,4683
ReddCoin USD,RDD-USD,2023-01-28,0.0003919999871868,0.0004020000051241,0.0003579999902285,0.0003659999929368,0.0003659999929368,5797
ReddCoin USD,RDD-USD,2023-01-29,0.0003659999929368,0.0003769999893847,0.0003530000103637,0.000361000013072,0.000361000013072,4897
ReddCoin USD,RDD-USD,2023-01-30,0.000361000013072,0.0003729999880306,0.0003440000000409,0.0003570000117179,0.0003570000117179,10508
ReddCoin USD,RDD-USD,2023-01-31,0.0003570000117179,0.000361000013072,0.0002540000132285,0.0002610000083222,0.0002610000083222,10180
ReddCoin USD,RDD-USD,2023-02-01,0.0002610000083222,0.0002669999958015,0.0002589999930933,0.0002659999881871,0.0002659999881871,5820
ReddCoin USD,RDD-USD,2023-02-02,0.0002659999881871,0.0002899999963119,0.0002340000064577,0.0002779999922495,0.0002779999922495,56253
ReddCoin USD,RDD-USD,2023-02-03,0.0002779999922495,0.0002929999900516,0.0002629999944474,0.0002849999873433,0.0002849999873433,12779
ReddCoin USD,RDD-USD,2023-02-04,0.0002849999873433,0.0002920000115409,0.0002699999895412,0.0002770000137388,0.0002770000137388,10160
ReddCoin USD,RDD-USD,2023-02-05,0.0002770000137388,0.0003359999973326,0.0002450000029057,0.0003319999959785,0.0003319999959785,8469
ReddCoin USD,RDD-USD,2023-02-06,0.0003319999959785,0.0003549999964889,0.0003300000098533,0.0003490000090096,0.0003490000090096,8514
ReddCoin USD,RDD-USD,2023-02-07,0.0003490000090096,0.0003549999964889,0.0002430000022286,0.0002430000022286,0.0002430000022286,14759
ReddCoin USD,RDD-USD,2023-02-08,0.0002430000022286,0.0002690000110305,0.0001699999993434,0.0002340000064577,0.0002340000064577,73892
ReddCoin USD,RDD-USD,2023-02-09,0.0002340000064577,0.0002610000083222,0.0002189999941037,0.0002280000044265,0.0002280000044265,14924
ReddCoin USD,RDD-USD,2023-02-10,0.0002280000044265,0.0002390000008745,0.0002220000023953,0.0002340000064577,0.0002340000064577,12625
ReddCoin USD,RDD-USD,2023-02-11,0.0002340000064577,0.0002559999993536,0.0002229999954579,0.000226999996812,0.000226999996812,5508
ReddCoin USD,RDD-USD,2023-02-12,0.000226999996812,0.000239999993937,0.000224999996135,0.0002370000001974,0.0002370000001974,4188
ReddCoin USD,RDD-USD,2023-02-13,0.0002370000001974,0.00023799999326,0.0002220000023953,0.0002240000030724,0.0002240000030724,5912
ReddCoin USD,RDD-USD,2023-02-14,0.0002260000037495,0.0002320000057807,0.0002099999983329,0.0002240000030724,0.0002240000030724,40450
ReddCoin USD,RDD-USD,2023-02-15,0.0002240000030724,0.0002450000029057,0.0001990000018849,0.0002370000001974,0.0002370000001974,58006
ReddCoin USD,RDD-USD,2023-02-16,0.0002370000001974,0.0002439999952912,0.0002050000039162,0.0002300000051036,0.0002300000051036,33381
ReddCoin USD,RDD-USD,2023-02-17,0.0002300000051036,0.0002779999922495,0.0001659999979892,0.0002160000003641,0.0002160000003641,46625
ReddCoin USD,RDD-USD,2023-02-18,0.0002160000003641,0.0002990000066347,0.0002160000003641,0.0002280000044265,0.0002280000044265,15455
ReddCoin USD,RDD-USD,2023-02-19,0.0002280000044265,0.0002390000008745,0.0002229999954579,0.0002289999974891,0.0002289999974891,10020
ReddCoin USD,RDD-USD,2023-02-20,0.0002289999974891,0.00023799999326,0.0002260000037495,0.0002280000044265,0.0002280000044265,8679
ReddCoin USD,RDD-USD,2023-02-21,0.0002280000044265,0.000239999993937,0.0002240000030724,0.0002309999981662,0.0002309999981662,7434
ReddCoin USD,RDD-USD,2023-02-22,0.0002309999981662,0.0002309999981662,0.0002160000003641,0.0002229999954579,0.0002229999954579,7098
ReddCoin USD,RDD-USD,2023-02-23,0.0002229999954579,0.0002280000044265,0.0002160000003641,0.0002180000010412,0.0002180000010412,7382
ReddCoin USD,RDD-USD,2023-02-24,0.0002180000010412,0.0002899999963119,0.0002059999969787,0.0002079999976558,0.0002079999976558,5424
ReddCoin USD,RDD-USD,2023-02-25,0.0002079999976558,0.0002130000066244,0.0002050000039162,0.0002090000052703,0.0002090000052703,2406
ReddCoin USD,RDD-USD,2023-02-26,0.0002090000052703,0.0002340000064577,0.0002030000032391,0.0002340000064577,0.0002340000064577,6699
ReddCoin USD,RDD-USD,2023-02-27,0.0002340000064577,0.0002430000022286,0.0002240000030724,0.0002260000037495,0.0002260000037495,6930
ReddCoin USD,RDD-USD,2023-02-28,0.0002260000037495,0.0002329999988432,0.0002149999927496,0.0002169999934267,0.0002169999934267,3449
ReddCoin USD,RDD-USD,2023-03-01,0.0002169999934267,0.0002349999995203,0.00021199999901,0.0002160000003641,0.0002160000003641,3613
ReddCoin USD,RDD-USD,2023-03-02,0.0002160000003641,0.0002200000017182,0.0002090000052703,0.0002099999983329,0.0002099999983329,1007
ReddCoin USD,RDD-USD,2023-03-03,0.0002099999983329,0.000213999999687,0.0001979999942705,0.000201000002562,0.000201000002562,3284
ReddCoin USD,RDD-USD,2023-03-04,0.000201000002562,0.0002059999969787,0.0001990000018849,0.0002039999963017,0.0002039999963017,1796
ReddCoin USD,RDD-USD,2023-03-05,0.0002039999963017,0.0002220000023953,0.0001999999949475,0.0002070000045932,0.0002070000045932,7598
ReddCoin USD,RDD-USD,2023-03-06,0.0002070000045932,0.0002240000030724,0.0001970000012079,0.0002169999934267,0.0002169999934267,3586
ReddCoin USD,RDD-USD,2023-03-07,0.0002169999934267,0.0002189999941037,0.0001959999935934,0.0001990000018849,0.0001990000018849,2310
ReddCoin USD,RDD-USD,2023-03-08,0.0001990000018849,0.0002130000066244,0.0001990000018849,0.0002030000032391,0.0002030000032391,1885
ReddCoin USD,RDD-USD,2023-03-09,0.0002030000032391,0.000213999999687,0.0001939999929163,0.0001959999935934,0.0001959999935934,2254
ReddCoin USD,RDD-USD,2023-03-10,0.0001959999935934,0.0002019999956246,0.0001920000067912,0.000201000002562,0.000201000002562,4005
ReddCoin USD,RDD-USD,2023-03-11,0.000201000002562,0.0002070000045932,0.0001950000005308,0.0001970000012079,0.0001970000012079,2487
ReddCoin USD,RDD-USD,2023-03-12,0.0001970000012079,0.0002099999983329,0.0001959999935934,0.0002099999983329,0.0002099999983329,2462
ReddCoin USD,RDD-USD,2023-03-13,0.0002099999983329,0.0002419999946141,0.0002059999969787,0.0002200000017182,0.0002200000017182,3309
ReddCoin USD,RDD-USD,2023-03-14,0.0002200000017182,0.0002340000064577,0.0001900000061141,0.000224999996135,0.000224999996135,6624
ReddCoin USD,RDD-USD,2023-03-15,0.000224999996135,0.0002280000044265,0.0002209999947808,0.0002209999947808,0.0002209999947808,5279
ReddCoin USD,RDD-USD,2023-03-16,0.0002209999947808,0.0002450000029057,0.0002070000045932,0.0002189999941037,0.0002189999941037,8552
ReddCoin USD,RDD-USD,2023-03-17,0.0002189999941037,0.0002309999981662,0.0002180000010412,0.0002260000037495,0.0002260000037495,2496
ReddCoin USD,RDD-USD,2023-03-18,0.0002260000037495,0.0002329999988432,0.0002260000037495,0.000226999996812,0.000226999996812,2457
ReddCoin USD,RDD-USD,2023-03-19,0.000226999996812,0.0002360000071348,0.0002200000017182,0.0002320000057807,0.0002320000057807,1607
ReddCoin USD,RDD-USD,2023-03-20,0.0002320000057807,0.0002439999952912,0.0002260000037495,0.0002289999974891,0.0002289999974891,5042
ReddCoin USD,RDD-USD,2023-03-21,0.0002289999974891,0.0002390000008745,0.0002280000044265,0.0002320000057807,0.0002320000057807,2964
ReddCoin USD,RDD-USD,2023-03-22,0.0002320000057807,0.0002340000064577,0.0001970000012079,0.0001999999949475,0.0001999999949475,2448
ReddCoin USD,RDD-USD,2023-03-23,0.0001999999949475,0.0001999999949475,0.0001920000067912,0.0001970000012079,0.0001970000012079,2596
ReddCoin USD,RDD-USD,2023-03-24,0.0001970000012079,0.0002320000057807,0.0001929999998537,0.0002280000044265,0.0002280000044265,1590
ReddCoin USD,RDD-USD,2023-03-25,0.0002280000044265,0.0002320000057807,0.0001939999929163,0.0001939999929163,0.0001939999929163,1607
ReddCoin USD,RDD-USD,2023-03-26,0.0001939999929163,0.0001990000018849,0.0001929999998537,0.0001959999935934,0.0001959999935934,2014
ReddCoin USD,RDD-USD,2023-03-27,0.0001959999935934,0.000239999993937,0.0001889999984996,0.00023799999326,0.00023799999326,2800
ReddCoin USD,RDD-USD,2023-03-28,0.00023799999326,0.0002430000022286,0.000226999996812,0.000239999993937,0.000239999993937,3254
ReddCoin USD,RDD-USD,2023-03-29,0.000239999993937,0.0002490000042598,0.0001900000061141,0.0001970000012079,0.0001970000012079,1413
ReddCoin USD,RDD-USD,2023-03-30,0.0001970000012079,0.0001990000018849,0.0001869999978225,0.000188000005437,0.000188000005437,3635
ReddCoin USD,RDD-USD,2023-03-31,0.000188000005437,0.0002059999969787,0.0001110000011976,0.0001400000037392,0.0001400000037392,34436
ReddCoin USD,RDD-USD,2023-04-01,0.0001400000037392,0.0001710000069579,0.0001110000011976,0.0001360000023851,0.0001360000023851,29719
ReddCoin USD,RDD-USD,2023-04-02,0.0001230000052601,0.000159999995958,9.999999747378752e-05,0.0001160000028903,0.0001160000028903,21294
ReddCoin USD,RDD-USD,2023-04-03,0.0001160000028903,0.0001400000037392,0.000108000000182,0.0001239999983226,0.0001239999983226,15244
ReddCoin USD,RDD-USD,2023-04-04,0.0001239999983226,0.0001300000003539,0.000108000000182,0.0001140000022132,0.0001140000022132,14842
ReddCoin USD,RDD-USD,2023-04-05,0.0001140000022132,0.000120999997307,0.0001049999991664,0.0001110000011976,0.0001110000011976,13986
ReddCoin USD,RDD-USD,2023-04-06,0.0001110000011976,0.00011899999663,0.0001029999984893,0.0001039999988279,0.0001039999988279,14949
ReddCoin USD,RDD-USD,2023-04-07,0.0001039999988279,0.0001090000005206,9.999999747378752e-05,9.999999747378752e-05,9.999999747378752e-05,12678
ReddCoin USD,RDD-USD,2023-04-08,9.999999747378752e-05,0.0001039999988279,9.500000305706636e-05,9.999999747378752e-05,9.999999747378752e-05,7183
ReddCoin USD,RDD-USD,2023-04-09,9.999999747378752e-05,0.0001150000025518,8.800000068731606e-05,9.999999747378752e-05,9.999999747378752e-05,9769
ReddCoin USD,RDD-USD,2023-04-10,9.999999747378752e-05,0.0001920000067912,9.999999747378752e-05,0.0001800000027287,0.0001800000027287,10575
ReddCoin USD,RDD-USD,2023-04-11,0.0001800000027287,0.0002240000030724,0.0001760000013746,0.0002079999976558,0.0002079999976558,6747
ReddCoin USD,RDD-USD,2023-04-12,0.0002090000052703,0.0002149999927496,0.0001120000015362,0.0001579999952809,0.0001579999952809,11525
ReddCoin USD,RDD-USD,2023-04-13,0.0001539999939268,0.0001610000035725,2.700000004551839e-05,0.0001429999974789,0.0001429999974789,77727
ReddCoin USD,RDD-USD,2023-04-14,0.0001440000050934,0.0001579999952809,0.000105999999505,0.0001170000032288,0.0001170000032288,24746
ReddCoin USD,RDD-USD,2023-04-15,0.0001170000032288,0.0003039999864995,7.000000186963007e-05,7.899999764049426e-05,7.899999764049426e-05,7489
ReddCoin USD,RDD-USD,2023-04-16,7.899999764049426e-05,9.600000339560212e-05,7.400000322377309e-05,8.099999831756577e-05,8.099999831756577e-05,8961
ReddCoin USD,RDD-USD,2023-04-17,8.299999899463728e-05,0.0001100000008591,7.000000186963007e-05,7.999999797903001e-05,7.999999797903001e-05,23105
ReddCoin USD,RDD-USD,2023-04-18,7.999999797903001e-05,0.0001400000037392,7.699999696342275e-05,8.70000003487803e-05,8.70000003487803e-05,35761
ReddCoin USD,RDD-USD,2023-04-19,8.70000003487803e-05,0.0001900000061141,8.399999933317304e-05,0.0001849999971454,0.0001849999971454,17225
ReddCoin USD,RDD-USD,2023-04-20,0.0001789999951142,0.0002079999976558,0.0001460000057704,0.000146999998833,0.000146999998833,16017
ReddCoin USD,RDD-USD,2023-04-21,0.000146999998833,0.0001670000056037,9.40000027185306e-05,0.0001539999939268,0.0001539999939268,10421
ReddCoin USD,RDD-USD,2023-04-22,0.0001539999939268,0.0001840000040829,0.0001510000001871,0.0001740000006975,0.0001740000006975,11233
ReddCoin USD,RDD-USD,2023-04-23,0.0001740000006975,0.0001740000006975,9.300000237999484e-05,9.40000027185306e-05,9.40000027185306e-05,16545
ReddCoin USD,RDD-USD,2023-04-24,9.40000027185306e-05,0.0001019999981508,9.200000204145908e-05,9.899999713525176e-05,9.899999713525176e-05,5204
ReddCoin USD,RDD-USD,2023-04-25,9.899999713525176e-05,9.899999713525176e-05,7.300000288523734e-05,8.299999899463728e-05,8.299999899463728e-05,14866
ReddCoin USD,RDD-USD,2023-04-26,8.399999933317304e-05,0.0001449999981559,7.999999797903001e-05,0.0001029999984893,0.0001029999984893,8337
ReddCoin USD,RDD-USD,2023-04-27,0.0001029999984893,0.0001250000059371,9.200000204145908e-05,0.0001130000018747,0.0001130000018747,5308
ReddCoin USD,RDD-USD,2023-04-28,0.0001130000018747,0.0001140000022132,7.999999797903001e-05,7.999999797903001e-05,7.999999797903001e-05,5776
ReddCoin USD,RDD-USD,2023-04-29,7.999999797903001e-05,8.299999899463728e-05,7.79999973019585e-05,8.299999899463728e-05,8.299999899463728e-05,3513
ReddCoin USD,RDD-USD,2023-04-30,8.299999899463728e-05,8.299999899463728e-05,7.300000288523734e-05,7.79999973019585e-05,7.79999973019585e-05,3229
ReddCoin USD,RDD-USD,2023-05-01,7.79999973019585e-05,7.899999764049426e-05,7.000000186963007e-05,7.500000356230885e-05,7.500000356230885e-05,5450
ReddCoin USD,RDD-USD,2023-05-02,7.500000356230885e-05,0.0002099999983329,7.200000254670158e-05,9.999999747378752e-05,9.999999747378752e-05,62490
ReddCoin USD,RDD-USD,2023-05-03,9.999999747378752e-05,0.0001100000008591,9.999999747378752e-05,0.000108000000182,0.000108000000182,15767
ReddCoin USD,RDD-USD,2023-05-04,0.000108000000182,0.000108000000182,9.000000136438757e-05,9.500000305706636e-05,9.500000305706636e-05,7852
ReddCoin USD,RDD-USD,2023-05-05,9.500000305706636e-05,9.600000339560212e-05,8.600000001024455e-05,9.000000136438757e-05,9.000000136438757e-05,6346
ReddCoin USD,RDD-USD,2023-05-06,9.000000136438757e-05,9.300000237999484e-05,7.699999696342275e-05,8.70000003487803e-05,8.70000003487803e-05,4765
ReddCoin USD,RDD-USD,2023-05-07,8.70000003487803e-05,8.800000068731606e-05,8.299999899463728e-05,8.800000068731606e-05,8.800000068731606e-05,1542
ReddCoin USD,RDD-USD,2023-05-08,8.800000068731606e-05,9.000000136438757e-05,7.899999764049426e-05,7.899999764049426e-05,7.899999764049426e-05,7509
ReddCoin USD,RDD-USD,2023-05-09,7.899999764049426e-05,8.399999933317304e-05,5.999999848427251e-05,7.000000186963007e-05,7.000000186963007e-05,20560
ReddCoin USD,RDD-USD,2023-05-10,7.000000186963007e-05,7.599999662488699e-05,6.299999949987978e-05,6.600000051548705e-05,6.600000051548705e-05,10993
ReddCoin USD,RDD-USD,2023-05-11,6.600000051548705e-05,7.500000356230885e-05,5.999999848427251e-05,5.999999848427251e-05,5.999999848427251e-05,9047
ReddCoin USD,RDD-USD,2023-05-12,5.999999848427251e-05,6.600000051548705e-05,5.8000001445179805e-05,6.199999916134402e-05,6.199999916134402e-05,6427
ReddCoin USD,RDD-USD,2023-05-13,6.199999916134402e-05,6.600000051548705e-05,5.700000110664405e-05,6.299999949987978e-05,6.299999949987978e-05,2809
ReddCoin USD,RDD-USD,2023-05-14,6.299999949987978e-05,7.300000288523734e-05,6.199999916134402e-05,7.000000186963007e-05,7.000000186963007e-05,5604
ReddCoin USD,RDD-USD,2023-05-15,7.000000186963007e-05,7.100000220816582e-05,6.500000017695129e-05,6.70000008540228e-05,6.70000008540228e-05,3071
ReddCoin USD,RDD-USD,2023-05-16,6.70000008540228e-05,0.0001100000008591,6.399999983841553e-05,7.599999662488699e-05,7.599999662488699e-05,15922
ReddCoin USD,RDD-USD,2023-05-17,7.599999662488699e-05,0.0001090000005206,7.599999662488699e-05,9.000000136438757e-05,9.000000136438757e-05,18172
ReddCoin USD,RDD-USD,2023-05-18,9.000000136438757e-05,0.0002730000123847,8.499999967170879e-05,8.900000102585182e-05,8.900000102585182e-05,9221
ReddCoin USD,RDD-USD,2023-05-19,8.900000102585182e-05,9.899999713525176e-05,8.900000102585182e-05,9.000000136438757e-05,9.000000136438757e-05,2474
ReddCoin USD,RDD-USD,2023-05-20,9.000000136438757e-05,9.000000136438757e-05,8.600000001024455e-05,8.800000068731606e-05,8.800000068731606e-05,1541
ReddCoin USD,RDD-USD,2023-05-21,8.800000068731606e-05,0.0001019999981508,8.600000001024455e-05,9.600000339560212e-05,9.600000339560212e-05,3340
ReddCoin USD,RDD-USD,2023-05-22,9.600000339560212e-05,0.0001090000005206,9.000000136438757e-05,9.200000204145908e-05,9.200000204145908e-05,7432
ReddCoin USD,RDD-USD,2023-05-23,9.200000204145908e-05,9.699999645818024e-05,7.999999797903001e-05,8.499999967170879e-05,8.499999967170879e-05,6379
ReddCoin USD,RDD-USD,2023-05-24,8.800000068731606e-05,9.899999713525176e-05,8.099999831756577e-05,9.100000170292331e-05,9.100000170292331e-05,8113
ReddCoin USD,RDD-USD,2023-05-25,9.100000170292331e-05,9.999999747378752e-05,9.000000136438757e-05,9.200000204145908e-05,9.200000204145908e-05,6206
ReddCoin USD,RDD-USD,2023-05-26,9.200000204145908e-05,9.699999645818024e-05,8.499999967170879e-05,9.000000136438757e-05,9.000000136438757e-05,4054
ReddCoin USD,RDD-USD,2023-05-27,9.000000136438757e-05,0.000120999997307,8.70000003487803e-05,0.0001100000008591,0.0001100000008591,8678
ReddCoin USD,RDD-USD,2023-05-28,0.0001100000008591,0.000120999997307,9.999999747378752e-05,0.0001090000005206,0.0001090000005206,16272
ReddCoin USD,RDD-USD,2023-05-29,0.0001090000005206,0.0001100000008591,9.500000305706636e-05,0.000105999999505,0.000105999999505,11956
ReddCoin USD,RDD-USD,2023-05-30,0.000105999999505,0.000105999999505,9.000000136438757e-05,9.100000170292331e-05,9.100000170292331e-05,6437
ReddCoin USD,RDD-USD,2023-05-31,9.100000170292331e-05,0.0001559999946039,9.000000136438757e-05,0.0001550000015413,0.0001550000015413,6706
ReddCoin USD,RDD-USD,2023-06-01,0.0001550000015413,0.0001769999944372,0.000146999998833,0.0001749999937601,0.0001749999937601,7630
ReddCoin USD,RDD-USD,2023-06-02,0.0001749999937601,0.0001749999937601,0.0001239999983226,0.0001259999989997,0.0001259999989997,4008
ReddCoin USD,RDD-USD,2023-06-03,0.0001259999989997,0.0001320000010309,7.999999797903001e-05,8.800000068731606e-05,8.800000068731606e-05,2419
ReddCoin USD,RDD-USD,2023-06-04,8.800000068731606e-05,8.800000068731606e-05,7.999999797903001e-05,7.999999797903001e-05,7.999999797903001e-05,2824
ReddCoin USD,RDD-USD,2023-06-05,7.999999797903001e-05,9.000000136438757e-05,7.999999797903001e-05,8.299999899463728e-05,8.299999899463728e-05,5418
ReddCoin USD,RDD-USD,2023-06-06,8.600000001024455e-05,8.600000001024455e-05,7.999999797903001e-05,8.099999831756577e-05,8.099999831756577e-05,2755
ReddCoin USD,RDD-USD,2023-06-07,8.099999831756577e-05,8.70000003487803e-05,7.999999797903001e-05,8.299999899463728e-05,8.299999899463728e-05,0
ReddCoin USD,RDD-USD,2023-06-08,8.299999899463728e-05,8.399999933317304e-05,8.299999899463728e-05,8.399999933317304e-05,8.399999933317304e-05,0
ReddCoin USD,RDD-USD,2023-06-09,8.399999933317304e-05,8.399999933317304e-05,8.399999933317304e-05,8.399999933317304e-05,8.399999933317304e-05,0
ReddCoin USD,RDD-USD,2023-06-10,8.399999933317304e-05,8.399999933317304e-05,6.299999949987978e-05,6.299999949987978e-05,6.299999949987978e-05,0
ReddCoin USD,RDD-USD,2023-06-11,6.299999949987978e-05,0.0003900000010617,6.299999949987978e-05,0.0003859999997075,0.0003859999997075,1
ReddCoin USD,RDD-USD,2023-06-12,0.0003859999997075,0.0004039999912492,5.199999941396527e-05,0.0003110000106971,0.0003110000106971,2220
ReddCoin USD,RDD-USD,2023-06-13,0.0003110000106971,0.0003140000044368,8.800000068731606e-05,8.800000068731606e-05,8.800000068731606e-05,261
ReddCoin USD,RDD-USD,2023-06-14,8.800000068731606e-05,9.300000237999484e-05,4.999999873689376e-05,5.900000178371556e-05,5.900000178371556e-05,729
ReddCoin USD,RDD-USD,2023-06-15,5.900000178371556e-05,0.0002760000061243,5.8000001445179805e-05,8.499999967170879e-05,8.499999967170879e-05,596
ReddCoin USD,RDD-USD,2023-06-16,8.499999967170879e-05,0.0002559999993536,5.500000042957254e-05,5.600000076810829e-05,5.600000076810829e-05,1231
ReddCoin USD,RDD-USD,2023-06-17,5.600000076810829e-05,0.00011899999663,5.400000009103678e-05,0.0001029999984893,0.0001029999984893,2121
ReddCoin USD,RDD-USD,2023-06-18,0.0001029999984893,0.0002809999859891,9.899999713525176e-05,0.0002770000137388,0.0002770000137388,426
ReddCoin USD,RDD-USD,2023-06-19,0.0002770000137388,0.0002920000115409,7.300000288523734e-05,7.599999662488699e-05,7.599999662488699e-05,2211
ReddCoin USD,RDD-USD,2023-06-20,7.599999662488699e-05,0.0001069999998435,5.999999848427251e-05,0.0001069999998435,0.0001069999998435,761
ReddCoin USD,RDD-USD,2023-06-21,0.0001069999998435,0.0003260000084992,7.300000288523734e-05,0.0003220000071451,0.0003220000071451,5561
ReddCoin USD,RDD-USD,2023-06-22,0.0003220000071451,0.0003279999946244,5.999999848427251e-05,5.999999848427251e-05,5.999999848427251e-05,1582
ReddCoin USD,RDD-USD,2023-06-23,5.999999848427251e-05,0.0003169999981764,5.999999848427251e-05,0.000304999994114,0.000304999994114,1025
ReddCoin USD,RDD-USD,2023-06-24,0.000304999994114,0.0003239999932702,0.0003030000079888,0.0003150000120513,0.0003150000120513,865
ReddCoin USD,RDD-USD,2023-06-25,0.0003150000120513,0.0003340000112075,8.900000102585182e-05,9.100000170292331e-05,9.100000170292331e-05,976
ReddCoin USD,RDD-USD,2023-06-26,9.100000170292331e-05,9.200000204145908e-05,5.500000042957254e-05,5.700000110664405e-05,5.700000110664405e-05,287
ReddCoin USD,RDD-USD,2023-06-27,5.700000110664405e-05,6.0999998822808266e-05,5.299999975250103e-05,5.8000001445179805e-05,5.8000001445179805e-05,592
ReddCoin USD,RDD-USD,2023-06-28,5.8000001445179805e-05,0.0003009999927598,4.8999998398358e-05,8.600000001024455e-05,8.600000001024455e-05,927
ReddCoin USD,RDD-USD,2023-06-29,8.600000001024455e-05,0.0003009999927598,8.299999899463728e-05,9.100000170292331e-05,9.100000170292331e-05,479
ReddCoin USD,RDD-USD,2023-06-30,9.100000170292331e-05,0.0003349999897181,7.999999797903001e-05,8.900000102585182e-05,8.900000102585182e-05,858
ReddCoin USD,RDD-USD,2023-07-01,8.900000102585182e-05,0.0004030000127386,4.8000001697801054e-05,4.8000001697801054e-05,4.8000001697801054e-05,1653
ReddCoin USD,RDD-USD,2023-07-02,4.8000001697801054e-05,5.600000076810829e-05,4.600000102072954e-05,5.199999941396527e-05,5.199999941396527e-05,959
ReddCoin USD,RDD-USD,2023-07-03,5.199999941396527e-05,8.800000068731606e-05,5.199999941396527e-05,8.800000068731606e-05,8.800000068731606e-05,1353
ReddCoin USD,RDD-USD,2023-07-04,8.800000068731606e-05,8.900000102585182e-05,4.8999998398358e-05,4.999999873689376e-05,4.999999873689376e-05,2049
ReddCoin USD,RDD-USD,2023-07-05,4.999999873689376e-05,0.0003290000022388,4.8999998398358e-05,5.500000042957254e-05,5.500000042957254e-05,605
ReddCoin USD,RDD-USD,2023-07-06,5.500000042957254e-05,6.500000017695129e-05,4.8999998398358e-05,6.0999998822808266e-05,6.0999998822808266e-05,749
ReddCoin USD,RDD-USD,2023-07-07,6.0999998822808266e-05,0.0003089999954681,6.0999998822808266e-05,9.7999996796716e-05,9.7999996796716e-05,834
ReddCoin USD,RDD-USD,2023-07-08,9.7999996796716e-05,9.7999996796716e-05,8.70000003487803e-05,8.800000068731606e-05,8.800000068731606e-05,444
ReddCoin USD,RDD-USD,2023-07-09,8.800000068731606e-05,0.000134000001708,8.70000003487803e-05,0.0001230000052601,0.0001230000052601,556
ReddCoin USD,RDD-USD,2023-07-10,0.0001230000052601,0.0003100000030826,9.100000170292331e-05,9.100000170292331e-05,9.100000170292331e-05,2805
ReddCoin USD,RDD-USD,2023-07-11,9.100000170292331e-05,9.899999713525176e-05,8.399999933317304e-05,8.800000068731606e-05,8.800000068731606e-05,10270
ReddCoin USD,RDD-USD,2023-07-12,8.800000068731606e-05,0.0003060000017285,1.4000000192027072e-05,6.299999949987978e-05,6.299999949987978e-05,30425
ReddCoin USD,RDD-USD,2023-07-13,6.299999949987978e-05,7.100000220816582e-05,5.700000110664405e-05,7.000000186963007e-05,7.000000186963007e-05,5347
ReddCoin USD,RDD-USD,2023-07-14,7.000000186963007e-05,0.0003459999861661,6.70000008540228e-05,0.0003399999986868,0.0003399999986868,9750
ReddCoin USD,RDD-USD,2023-07-15,0.0003399999986868,0.0003420000139158,7.79999973019585e-05,0.0003229999856557,0.0003229999856557,7752
ReddCoin USD,RDD-USD,2023-07-16,0.0003229999856557,0.0003250000008847,9.000000136438757e-05,9.000000136438757e-05,9.000000136438757e-05,990
ReddCoin USD,RDD-USD,2023-07-17,9.000000136438757e-05,9.500000305706636e-05,8.399999933317304e-05,9.300000237999484e-05,9.300000237999484e-05,1794
ReddCoin USD,RDD-USD,2023-07-18,9.300000237999484e-05,9.40000027185306e-05,8.199999865610152e-05,9.200000204145908e-05,9.200000204145908e-05,1149
ReddCoin USD,RDD-USD,2023-07-19,9.200000204145908e-05,0.0002990000066347,4.8999998398358e-05,9.600000339560212e-05,9.600000339560212e-05,2758
ReddCoin USD,RDD-USD,2023-07-20,9.600000339560212e-05,0.0003190000134054,9.600000339560212e-05,0.0003140000044368,0.0003140000044368,1280
ReddCoin USD,RDD-USD,2023-07-21,0.0003140000044368,0.0003150000120513,5.700000110664405e-05,0.0001259999989997,0.0001259999989997,676
ReddCoin USD,RDD-USD,2023-07-22,0.0001259999989997,0.0001409999968018,0.0001029999984893,0.0001100000008591,0.0001100000008591,853
ReddCoin USD,RDD-USD,2023-07-23,0.0001100000008591,0.0003089999954681,7.899999764049426e-05,0.0001120000015362,0.0001120000015362,2016
ReddCoin USD,RDD-USD,2023-07-24,0.0001120000015362,0.0001120000015362,8.600000001024455e-05,0.0001019999981508,0.0001019999981508,2930
ReddCoin USD,RDD-USD,2023-07-25,0.0001019999981508,0.0001049999991664,9.500000305706636e-05,9.500000305706636e-05,9.500000305706636e-05,400
ReddCoin USD,RDD-USD,2023-07-26,9.500000305706636e-05,0.0002969999914057,9.40000027185306e-05,0.0002939999976661,0.0002939999976661,1640
ReddCoin USD,RDD-USD,2023-07-27,0.0002939999976661,0.0002950000052805,9.200000204145908e-05,0.0001029999984893,0.0001029999984893,1380
ReddCoin USD,RDD-USD,2023-07-28,0.0001029999984893,0.0001029999984893,9.300000237999484e-05,9.899999713525176e-05,9.899999713525176e-05,394
ReddCoin USD,RDD-USD,2023-07-29,9.899999713525176e-05,9.899999713525176e-05,5.700000110664405e-05,5.8000001445179805e-05,5.8000001445179805e-05,666
ReddCoin USD,RDD-USD,2023-07-30,5.8000001445179805e-05,6.70000008540228e-05,5.8000001445179805e-05,6.399999983841553e-05,6.399999983841553e-05,2609
ReddCoin USD,RDD-USD,2023-07-31,6.399999983841553e-05,0.0001199999969685,5.900000178371556e-05,0.0001199999969685,0.0001199999969685,613
ReddCoin USD,RDD-USD,2023-08-01,0.0001199999969685,0.000146999998833,9.600000339560212e-05,0.0001100000008591,0.0001100000008591,310
ReddCoin USD,RDD-USD,2023-08-02,0.0001100000008591,0.0001130000018747,0.000108000000182,0.0001120000015362,0.0001120000015362,612
ReddCoin USD,RDD-USD,2023-08-03,0.0001120000015362,0.0001130000018747,0.0001029999984893,0.0001130000018747,0.0001130000018747,392
ReddCoin USD,RDD-USD,2023-08-04,0.0001120000015362,0.0001130000018747,6.399999983841553e-05,7.300000288523734e-05,7.300000288523734e-05,782
ReddCoin USD,RDD-USD,2023-08-05,7.300000288523734e-05,0.0001239999983226,7.300000288523734e-05,0.0001170000032288,0.0001170000032288,534
ReddCoin USD,RDD-USD,2023-08-06,0.0001170000032288,0.0001180000035674,0.000105999999505,0.000105999999505,0.000105999999505,493
ReddCoin USD,RDD-USD,2023-08-07,0.000105999999505,0.0001289999927394,0.0001029999984893,0.0001289999927394,0.0001289999927394,2365
ReddCoin USD,RDD-USD,2023-08-08,0.0001289999927394,0.0001309999934164,0.0001120000015362,0.000120999997307,0.000120999997307,423
ReddCoin USD,RDD-USD,2023-08-09,0.000120999997307,0.0001270000066142,7.899999764049426e-05,0.0001120000015362,0.0001120000015362,655
ReddCoin USD,RDD-USD,2023-08-10,0.0001120000015362,0.0001199999969685,5.8000001445179805e-05,5.900000178371556e-05,5.900000178371556e-05,2555
ReddCoin USD,RDD-USD,2023-08-11,5.900000178371556e-05,7.100000220816582e-05,5.8000001445179805e-05,5.999999848427251e-05,5.999999848427251e-05,1236
ReddCoin USD,RDD-USD,2023-08-12,5.999999848427251e-05,7.300000288523734e-05,5.999999848427251e-05,6.299999949987978e-05,6.299999949987978e-05,279
ReddCoin USD,RDD-USD,2023-08-13,6.299999949987978e-05,0.0001140000022132,6.299999949987978e-05,9.699999645818024e-05,9.699999645818024e-05,1038
ReddCoin USD,RDD-USD,2023-08-14,9.699999645818024e-05,0.0001199999969685,9.699999645818024e-05,0.0001049999991664,0.0001049999991664,1919
ReddCoin USD,RDD-USD,2023-08-15,0.0001049999991664,0.0001049999991664,5.999999848427251e-05,6.299999949987978e-05,6.299999949987978e-05,1573
ReddCoin USD,RDD-USD,2023-08-16,6.299999949987978e-05,6.299999949987978e-05,6.0999998822808266e-05,6.199999916134402e-05,6.199999916134402e-05,705
ReddCoin USD,RDD-USD,2023-08-17,6.199999916134402e-05,7.000000186963007e-05,5.299999975250103e-05,5.400000009103678e-05,5.400000009103678e-05,802
ReddCoin USD,RDD-USD,2023-08-18,5.400000009103678e-05,6.399999983841553e-05,5.299999975250103e-05,5.299999975250103e-05,5.299999975250103e-05,1458
ReddCoin USD,RDD-USD,2023-08-19,5.299999975250103e-05,6.299999949987978e-05,5.199999941396527e-05,6.0999998822808266e-05,6.0999998822808266e-05,1431
ReddCoin USD,RDD-USD,2023-08-20,6.0999998822808266e-05,6.299999949987978e-05,5.199999941396527e-05,5.299999975250103e-05,5.299999975250103e-05,253
ReddCoin USD,RDD-USD,2023-08-21,5.299999975250103e-05,0.0002809999859891,5.299999975250103e-05,0.0002800000074785,0.0002800000074785,681
ReddCoin USD,RDD-USD,2023-08-22,0.0002800000074785,0.0002800000074785,8.800000068731606e-05,0.0002800000074785,0.0002800000074785,593
ReddCoin USD,RDD-USD,2023-08-23,0.0002800000074785,0.0002809999859891,7.699999696342275e-05,9.600000339560212e-05,9.600000339560212e-05,517
ReddCoin USD,RDD-USD,2023-08-24,9.600000339560212e-05,0.0001029999984893,5.600000076810829e-05,5.700000110664405e-05,5.700000110664405e-05,328
ReddCoin USD,RDD-USD,2023-08-25,5.700000110664405e-05,6.199999916134402e-05,5.600000076810829e-05,5.700000110664405e-05,5.700000110664405e-05,183
ReddCoin USD,RDD-USD,2023-08-26,5.700000110664405e-05,0.0002610000083222,5.700000110664405e-05,9.7999996796716e-05,9.7999996796716e-05,6
ReddCoin USD,RDD-USD,2023-08-27,9.7999996796716e-05,0.0001019999981508,9.300000237999484e-05,9.300000237999484e-05,9.300000237999484e-05,115
ReddCoin USD,RDD-USD,2023-08-28,9.300000237999484e-05,0.0002739999908953,5.700000110664405e-05,6.199999916134402e-05,6.199999916134402e-05,171
ReddCoin USD,RDD-USD,2023-08-29,6.199999916134402e-05,0.0002770000137388,5.700000110664405e-05,9.999999747378752e-05,9.999999747378752e-05,979
ReddCoin USD,RDD-USD,2023-08-30,9.999999747378752e-05,0.0003030000079888,9.699999645818024e-05,0.000296000012895,0.000296000012895,801
ReddCoin USD,RDD-USD,2023-08-31,0.000296000012895,0.000304999994114,0.0001009999978123,0.0002770000137388,0.0002770000137388,461
ReddCoin USD,RDD-USD,2023-09-01,0.0002770000137388,0.0002779999922495,9.999999747378752e-05,0.0001019999981508,0.0001019999981508,710
ReddCoin USD,RDD-USD,2023-09-02,0.0001019999981508,0.0001039999988279,6.399999983841553e-05,6.399999983841553e-05,6.399999983841553e-05,74
ReddCoin USD,RDD-USD,2023-09-03,6.399999983841553e-05,0.0001170000032288,6.399999983841553e-05,9.600000339560212e-05,9.600000339560212e-05,1265
ReddCoin USD,RDD-USD,2023-09-04,9.600000339560212e-05,0.0002840000088326,9.600000339560212e-05,0.0002819999936036,0.0002819999936036,104
ReddCoin USD,RDD-USD,2023-09-05,0.0002819999936036,0.0002819999936036,6.299999949987978e-05,7.400000322377309e-05,7.400000322377309e-05,844
ReddCoin USD,RDD-USD,2023-09-06,7.400000322377309e-05,0.0001289999927394,7.200000254670158e-05,9.40000027185306e-05,9.40000027185306e-05,6447
ReddCoin USD,RDD-USD,2023-09-07,9.40000027185306e-05,0.0002760000061243,8.199999865610152e-05,8.299999899463728e-05,8.299999899463728e-05,958
ReddCoin USD,RDD-USD,2023-09-08,8.299999899463728e-05,0.0001009999978123,7.79999973019585e-05,7.79999973019585e-05,7.79999973019585e-05,1723
ReddCoin USD,RDD-USD,2023-09-09,7.79999973019585e-05,8.099999831756577e-05,7.300000288523734e-05,7.599999662488699e-05,7.599999662488699e-05,148
ReddCoin USD,RDD-USD,2023-09-10,7.599999662488699e-05,8.70000003487803e-05,7.200000254670158e-05,8.299999899463728e-05,8.299999899463728e-05,755
ReddCoin USD,RDD-USD,2023-09-11,8.299999899463728e-05,8.299999899463728e-05,6.500000017695129e-05,6.500000017695129e-05,6.500000017695129e-05,6587
ReddCoin USD,RDD-USD,2023-09-12,6.500000017695129e-05,0.00011899999663,6.299999949987978e-05,0.0001180000035674,0.0001180000035674,1572
ReddCoin USD,RDD-USD,2023-09-13,0.0001180000035674,0.000120999997307,9.999999747378752e-05,0.0001009999978123,0.0001009999978123,1023
ReddCoin USD,RDD-USD,2023-09-14,0.0001009170882753,0.0001019447954604,6.150245462777093e-05,6.339129322441295e-05,6.339129322441295e-05,299
ReddCoin USD,RDD-USD,2023-09-15,6.504784687422216e-05,6.52843082207255e-05,6.393377407221124e-05,6.51052687317133e-05,6.51052687317133e-05,404
ReddCoin USD,RDD-USD,2023-09-16,6.405511521734297e-05,6.414126983145252e-05,6.405511521734297e-05,6.414126983145252e-05,6.414126983145252e-05,517
ReddCoin USD,RDD-USD,2023-09-17,6.405511521734297e-05,6.447649502661079e-05,6.152656715130433e-05,6.236566696316004e-05,6.236566696316004e-05,323
ReddCoin USD,RDD-USD,2023-09-18,6.236047192942351e-05,6.731173198204488e-05,6.140741606941447e-05,6.618411862291396e-05,6.618411862291396e-05,32
ReddCoin USD,RDD-USD,2023-09-19,6.570920231752098e-05,6.571322592208162e-05,6.570920231752098e-05,6.571322592208162e-05,6.571322592208162e-05,109
ReddCoin USD,RDD-USD,2023-09-21,6.48762725177221e-05,6.487964128609747e-05,6.485834455816075e-05,6.485834455816075e-05,6.485834455816075e-05,1190
ReddCoin USD,RDD-USD,2023-09-22,6.119817408034578e-05,6.121871410869062e-05,6.11131836194545e-05,6.11131836194545e-05,6.11131836194545e-05,2231
ReddCoin USD,RDD-USD,2023-09-24,6.202412623679265e-05,6.55000185361132e-05,6.196578760864213e-05,6.208751437952742e-05,6.208751437952742e-05,136
ReddCoin USD,RDD-USD,2023-09-25,6.202412623679265e-05,7.417421147692949e-05,5.642124233418144e-05,6.982687773415819e-05,6.982687773415819e-05,169
ReddCoin USD,RDD-USD,2023-09-20,6.70000008540228e-05,7.000000186963007e-05,6.0999998822808266e-05,6.500000017695129e-05,6.500000017695129e-05,1191
ReddCoin USD,RDD-USD,2023-09-23,6.600000051548705e-05,6.800000119255856e-05,5.900000178371556e-05,6.199999916134402e-05,6.199999916134402e-05,131
ReddCoin USD,RDD-USD,2023-09-26,6.986044900259003e-05,7.061614451231435e-05,5.734027945436537e-05,5.9736401453847066e-05,5.9736401453847066e-05,119
ReddCoin USD,RDD-USD,2023-09-27,6.807516911067069e-05,6.927035428816453e-05,6.07414185651578e-05,6.272105383686721e-05,6.272105383686721e-05,403
ReddCoin USD,RDD-USD,2023-09-28,6.282367394305766e-05,6.668132118647918e-05,5.714747749152593e-05,6.497587310150266e-05,6.497587310150266e-05,682
ReddCoin USD,RDD-USD,2023-09-29,6.496709102066234e-05,7.883723446866497e-05,5.899772440898232e-05,6.546737131429836e-05,6.546737131429836e-05,340
ReddCoin USD,RDD-USD,2023-09-30,6.624112575082108e-05,6.631948781432584e-05,5.927909296588041e-05,6.147813110146672e-05,6.147813110146672e-05,161
ReddCoin USD,RDD-USD,2023-10-01,6.12859585089609e-05,6.849537021480501e-05,6.031301018083468e-05,6.29150090389885e-05,6.29150090389885e-05,138
